TICK    DELTA   TRACK   MIDI MESSAGE
____________________________________
0	0	0	ff 3 e 50 69 61 6e 6f 20 54 65 6d 70 6c 61 74 65 
0	0	0	ff 1 9 42 79 20 3c 4e 61 6d 65 3e 
0	0	0	ff 2 1c 43 6f 70 79 72 69 67 68 74 20 a9 20 3c 59 65 61 72 3e 20 62 79 20 3c 4e 61 6d 65 3e 
0	0	0	ff 2 13 41 6c 6c 20 52 69 67 68 74 73 20 52 65 73 65 72 76 65 64 
0	0	0	ff 1 20 47 65 6e 65 72 61 74 65 64 20 62 79 20 4e 6f 74 65 57 6f 72 74 68 79 20 43 6f 6d 70 6f 73 65 72 
0	0	0	ff 51 3 4 93 e0 
0	0	0	ff 59 2 ff 0 
0	0	0	ff 58 4 6 3 18 8 
0	0	0	ff 2f 0 
0	0	1	ff 21 1 0 
0	0	1	ff 3 a 52 69 67 68 74 20 48 61 6e 64 
0	0	1	c0 0 
0	0	1	b0 7 7f 
0	0	1	b0 a 40 
0	0	1	b0 40 7f 
0	0	1	90 3e 6c 
0	0	2	ff 21 1 0 
0	0	2	ff 3 9 4c 65 66 74 20 48 61 6e 64 
0	0	2	c1 0 
0	0	2	b1 7 7f 
0	0	2	b1 a 40 
0	0	3	ff 21 1 0 
0	0	3	ff 3 7 53 74 61 66 66 2d 31 
0	0	3	b2 7 7f 
0	0	3	b2 a 40 
0	0	3	c2 30 
192	192	1	90 3e 0 
192	0	1	90 3e 6c 
288	96	1	90 3e 0 
288	0	1	90 3e 6c 
480	192	1	90 3e 0 
480	0	1	90 3e 6c 
576	96	1	90 3e 0 
576	0	1	90 3e 6c 
768	192	1	90 3e 0 
768	0	1	90 3e 6c 
864	96	1	90 3e 0 
864	0	1	90 3e 6c 
960	96	1	90 3e 0 
960	0	1	90 3e 6c 
1056	96	1	90 3e 0 
1056	0	1	90 3e 6c 
1152	96	1	90 3e 0 
1152	0	1	90 3e 6c 
1344	192	1	90 3e 0 
1344	0	1	90 3e 6c 
1440	96	1	90 3e 0 
1440	0	1	90 3e 6c 
1632	192	1	90 3e 0 
1632	0	1	90 3e 6c 
1728	96	1	90 3e 0 
1728	0	1	90 3e 6c 
1728	0	3	92 3e 4b 
1920	192	1	90 3e 0 
1920	0	1	90 3e 6c 
2016	96	1	90 3e 0 
2016	0	1	90 3e 6c 
2112	96	1	90 3e 0 
2112	0	1	90 3e 6c 
2208	96	1	90 3e 0 
2208	0	1	90 3e 6c 
2256	48	3	92 3e 0 
2304	48	1	90 3e 0 
2304	0	1	90 3e 6c 
2304	0	2	91 1a 6e 
2304	0	2	91 26 6e 
2304	0	3	92 3e 4b 
2496	192	1	90 3e 0 
2496	0	1	90 3e 6c 
2592	96	1	90 3e 0 
2592	0	1	90 3e 6c 
2784	192	1	90 3e 0 
2784	0	1	90 3e 6c 
2832	48	2	91 1a 0 
2832	0	2	91 26 0 
2832	0	3	92 3e 0 
2880	48	1	90 3e 0 
2880	0	1	b0 40 0 
2880	0	1	90 3e 6c 
2880	0	2	91 1a 6e 
2880	0	2	91 26 6e 
2880	0	3	92 46 4b 
3072	192	1	90 3e 0 
3072	0	1	90 3e 6c 
3136	64	2	91 1a 0 
3136	0	2	91 26 0 
3136	0	3	92 46 0 
3168	32	1	90 3e 0 
3168	0	1	90 3e 6c 
3168	0	2	91 1a 6e 
3168	0	2	91 26 6e 
3168	0	3	92 45 4b 
3264	96	1	90 3e 0 
3264	0	1	90 39 6c 
3310	46	3	92 45 0 
3312	2	3	92 45 4b 
3360	48	1	90 39 0 
3360	0	1	90 3c 6c 
3424	64	2	91 1a 0 
3424	0	2	91 26 0 
3454	30	3	92 45 0 
3456	2	1	90 3c 0 
3456	0	1	90 35 6c 
3456	0	1	90 39 6c 
3456	0	1	90 3e 6c 
3456	0	2	91 26 6e 
3456	0	2	91 32 6e 
3456	0	3	92 3e 4b 
3616	160	2	91 26 0 
3616	0	2	91 32 0 
3648	32	1	90 35 0 
3648	0	1	90 39 0 
3648	0	1	90 3e 0 
3648	0	1	90 35 6c 
3648	0	1	90 39 6c 
3648	0	1	90 3e 6c 
3648	0	2	91 26 6e 
3648	0	2	91 32 6e 
3742	94	2	91 26 0 
3742	0	2	91 32 0 
3744	2	2	91 26 6e 
3744	0	2	91 32 6e 
3792	48	3	92 3e 0 
3840	48	1	90 35 0 
3840	0	1	90 39 0 
3840	0	1	90 3e 0 
3840	0	1	90 35 6c 
3840	0	1	90 39 6c 
3840	0	1	90 3e 6c 
3840	0	3	92 3e 4b 
3904	64	2	91 26 0 
3904	0	2	91 32 0 
3934	30	3	92 3e 0 
3936	2	1	90 35 0 
3936	0	1	90 39 0 
3936	0	1	90 3e 0 
3936	0	1	90 39 6c 
3936	0	1	90 3c 6c 
3936	0	1	90 40 6c 
3936	0	2	91 24 6e 
3936	0	2	91 30 6e 
3936	0	3	92 40 4b 
4030	94	2	91 24 0 
4030	0	2	91 30 0 
4030	0	3	92 40 0 
4032	2	1	90 39 0 
4032	0	1	90 3c 0 
4032	0	1	90 40 0 
4032	0	1	90 3a 6c 
4032	0	1	90 3e 6c 
4032	0	1	90 41 6c 
4032	0	2	91 22 6e 
4032	0	2	91 2e 6e 
4032	0	3	92 41 4b 
4192	160	2	91 22 0 
4192	0	2	91 2e 0 
4224	32	1	90 3a 0 
4224	0	1	90 3e 0 
4224	0	1	90 41 0 
4224	0	1	90 3a 6c 
4224	0	1	90 3e 6c 
4224	0	1	90 41 6c 
4224	0	2	91 22 6e 
4224	0	2	91 2e 6e 
4318	94	2	91 22 0 
4318	0	2	91 2e 0 
4320	2	2	91 22 6e 
4320	0	2	91 2e 6e 
4368	48	3	92 41 0 
4416	48	1	90 3a 0 
4416	0	1	90 3e 0 
4416	0	1	90 41 0 
4416	0	1	90 3a 6c 
4416	0	1	90 3e 6c 
4416	0	1	90 41 6c 
4416	0	3	92 41 4b 
4480	64	2	91 22 0 
4480	0	2	91 2e 0 
4510	30	3	92 41 0 
4512	2	1	90 3a 0 
4512	0	1	90 3e 0 
4512	0	1	90 41 0 
4512	0	1	90 3e 6c 
4512	0	1	90 43 6c 
4512	0	2	91 22 6e 
4512	0	2	91 2e 6e 
4512	0	3	92 43 4b 
4606	94	2	91 22 0 
4606	0	2	91 2e 0 
4606	0	3	92 43 0 
4608	2	1	90 3e 0 
4608	0	1	90 43 0 
4608	0	1	90 39 6c 
4608	0	1	90 3c 6c 
4608	0	1	90 40 6c 
4608	0	2	91 21 6e 
4608	0	2	91 2d 6e 
4608	0	3	92 40 4b 
4768	160	2	91 21 0 
4768	0	2	91 2d 0 
4800	32	1	90 39 0 
4800	0	1	90 3c 0 
4800	0	1	90 40 0 
4800	0	1	90 39 6c 
4800	0	1	90 3c 6c 
4800	0	1	90 40 6c 
4800	0	2	91 21 6e 
4800	0	2	91 2d 6e 
4894	94	2	91 21 0 
4894	0	2	91 2d 0 
4896	2	2	91 21 6e 
4896	0	2	91 2d 6e 
4944	48	3	92 40 0 
4992	48	1	90 39 0 
4992	0	1	90 3c 0 
4992	0	1	90 40 0 
4992	0	1	90 39 6c 
4992	0	1	90 3e 6c 
4992	0	3	92 3e 4b 
5056	64	2	91 21 0 
5056	0	2	91 2d 0 
5086	30	3	92 3e 0 
5088	2	1	90 39 0 
5088	0	1	90 3e 0 
5088	0	1	90 37 6c 
5088	0	1	90 3c 6c 
5088	0	2	91 21 6e 
5088	0	2	91 2d 6e 
5088	0	3	92 3c 4b 
5182	94	2	91 21 0 
5182	0	2	91 2d 0 
5182	0	3	92 3c 0 
5184	2	1	90 37 0 
5184	0	1	90 3c 0 
5184	0	1	90 39 6c 
5184	0	1	90 3c 6c 
5184	0	2	91 26 6e 
5184	0	2	91 32 6e 
5184	0	3	92 3c 4b 
5278	94	3	92 3c 0 
5280	2	1	90 39 0 
5280	0	1	90 3c 0 
5280	0	1	90 39 6c 
5280	0	1	90 3e 6c 
5280	0	3	92 3e 4b 
5344	64	2	91 26 0 
5344	0	2	91 32 0 
5374	30	3	92 3e 0 
5376	2	2	91 26 6e 
5376	0	2	91 32 6e 
5470	94	2	91 26 0 
5470	0	2	91 32 0 
5472	2	1	90 39 0 
5472	0	1	90 3e 0 
5472	0	2	91 26 6e 
5472	0	2	91 32 6e 
5568	96	1	90 39 6c 
5568	0	3	92 39 4b 
5632	64	2	91 26 0 
5632	0	2	91 32 0 
5662	30	3	92 39 0 
5664	2	1	90 39 0 
5664	0	1	90 3c 6c 
5664	0	2	91 26 6e 
5664	0	2	91 32 6e 
5664	0	3	92 3c 4b 
5758	94	2	91 26 0 
5758	0	2	91 32 0 
5758	0	3	92 3c 0 
5760	2	1	90 3c 0 
5760	0	1	90 35 6c 
5760	0	1	90 3a 6c 
5760	0	1	90 3e 6c 
5760	0	2	91 22 6e 
5760	0	2	91 2e 6e 
5760	0	3	92 3e 4b 
5920	160	2	91 22 0 
5920	0	2	91 2e 0 
5952	32	1	90 35 0 
5952	0	1	90 3a 0 
5952	0	1	90 3e 0 
5952	0	1	90 35 6c 
5952	0	1	90 3a 6c 
5952	0	1	90 3e 6c 
5952	0	2	91 22 6e 
5952	0	2	91 2e 6e 
6046	94	2	91 22 0 
6046	0	2	91 2e 0 
6048	2	2	91 22 6e 
6048	0	2	91 2e 6e 
6096	48	3	92 3e 0 
6144	48	1	90 35 0 
6144	0	1	90 3a 0 
6144	0	1	90 3e 0 
6144	0	1	90 3a 6c 
6144	0	1	90 3e 6c 
6144	0	3	92 3e 4b 
6208	64	2	91 22 0 
6208	0	2	91 2e 0 
6238	30	3	92 3e 0 
6240	2	1	90 3a 0 
6240	0	1	90 3e 0 
6240	0	1	90 3a 6c 
6240	0	1	90 40 6c 
6240	0	2	91 22 6e 
6240	0	2	91 2e 6e 
6240	0	3	92 40 4b 
6334	94	2	91 22 0 
6334	0	2	91 2e 0 
6334	0	3	92 40 0 
6336	2	1	90 3a 0 
6336	0	1	90 40 0 
6336	0	1	90 39 6c 
6336	0	1	90 3c 6c 
6336	0	1	90 41 6c 
6336	0	2	91 22 6e 
6336	0	2	91 2e 6e 
6336	0	3	92 41 4b 
6496	160	2	91 22 0 
6496	0	2	91 2e 0 
6528	32	1	90 39 0 
6528	0	1	90 3c 0 
6528	0	1	90 41 0 
6528	0	1	90 39 6c 
6528	0	1	90 3c 6c 
6528	0	1	90 41 6c 
6528	0	2	91 22 6e 
6528	0	2	91 2e 6e 
6622	94	2	91 22 0 
6622	0	2	91 2e 0 
6624	2	2	91 22 6e 
6624	0	2	91 2e 6e 
6672	48	3	92 41 0 
6720	48	1	90 39 0 
6720	0	1	90 3c 0 
6720	0	1	90 41 0 
6720	0	1	90 3c 6c 
6720	0	1	90 41 6c 
6720	0	3	92 41 4b 
6784	64	2	91 22 0 
6784	0	2	91 2e 0 
6814	30	3	92 41 0 
6816	2	1	90 3c 0 
6816	0	1	90 41 0 
6816	0	1	90 3c 6c 
6816	0	1	90 43 6c 
6816	0	2	91 22 6e 
6816	0	2	91 2e 6e 
6816	0	3	92 43 4b 
6910	94	2	91 22 0 
6910	0	2	91 2e 0 
6910	0	3	92 43 0 
6912	2	1	90 3c 0 
6912	0	1	90 43 0 
6912	0	1	90 39 6c 
6912	0	1	90 3c 6c 
6912	0	1	90 40 6c 
6912	0	2	91 21 6e 
6912	0	2	91 2d 6e 
6912	0	3	92 40 4b 
7072	160	2	91 21 0 
7072	0	2	91 2d 0 
7104	32	1	90 39 0 
7104	0	1	90 3c 0 
7104	0	1	90 40 0 
7104	0	1	90 39 6c 
7104	0	1	90 3c 6c 
7104	0	1	90 40 6c 
7104	0	2	91 21 6e 
7104	0	2	91 2d 6e 
7198	94	2	91 21 0 
7198	0	2	91 2d 0 
7200	2	2	91 21 6e 
7200	0	2	91 2d 6e 
7248	48	3	92 40 0 
7296	48	1	90 39 0 
7296	0	1	90 3c 0 
7296	0	1	90 40 0 
7296	0	1	90 39 6c 
7296	0	1	90 3e 6c 
7296	0	3	92 3e 4b 
7360	64	2	91 21 0 
7360	0	2	91 2d 0 
7390	30	3	92 3e 0 
7392	2	1	90 39 0 
7392	0	1	90 3e 0 
7392	0	1	90 37 6c 
7392	0	1	90 3c 6c 
7392	0	2	91 21 6e 
7392	0	2	91 2d 6e 
7392	0	3	92 3c 4b 
7486	94	2	91 21 0 
7486	0	2	91 2d 0 
7486	0	3	92 3c 0 
7488	2	1	90 37 0 
7488	0	1	90 3c 0 
7488	0	1	90 35 6c 
7488	0	1	90 39 6c 
7488	0	1	90 3e 6c 
7488	0	2	91 26 6e 
7488	0	2	91 32 6e 
7488	0	3	92 3e 4b 
7648	160	2	91 26 0 
7648	0	2	91 32 0 
7648	0	3	92 3e 0 
7680	32	1	90 35 0 
7680	0	1	90 39 0 
7680	0	1	90 3e 0 
7680	0	2	91 26 6e 
7680	0	2	91 32 6e 
7774	94	2	91 26 0 
7774	0	2	91 32 0 
7776	2	2	91 26 6e 
7776	0	2	91 32 6e 
7872	96	1	90 39 6c 
7872	0	3	92 39 4b 
7936	64	2	91 26 0 
7936	0	2	91 32 0 
7966	30	3	92 39 0 
7968	2	1	90 39 0 
7968	0	1	90 3c 6c 
7968	0	2	91 26 6e 
7968	0	2	91 32 6e 
7968	0	3	92 3c 4b 
8062	94	2	91 26 0 
8062	0	2	91 32 0 
8062	0	3	92 3c 0 
8064	2	1	90 3c 0 
8064	0	1	90 35 6c 
8064	0	1	90 39 6c 
8064	0	1	90 3e 6c 
8064	0	2	91 26 6e 
8064	0	2	91 32 6e 
8064	0	3	92 3e 4b 
8224	160	2	91 26 0 
8224	0	2	91 32 0 
8256	32	1	90 35 0 
8256	0	1	90 39 0 
8256	0	1	90 3e 0 
8256	0	1	90 35 6c 
8256	0	1	90 39 6c 
8256	0	1	90 3e 6c 
8256	0	2	91 26 6e 
8256	0	2	91 32 6e 
8350	94	2	91 26 0 
8350	0	2	91 32 0 
8352	2	2	91 26 6e 
8352	0	2	91 32 6e 
8400	48	3	92 3e 0 
8448	48	1	90 35 0 
8448	0	1	90 39 0 
8448	0	1	90 3e 0 
8448	0	1	90 39 6c 
8448	0	1	90 3e 6c 
8448	0	3	92 3e 4b 
8512	64	2	91 26 0 
8512	0	2	91 32 0 
8542	30	3	92 3e 0 
8544	2	1	90 39 0 
8544	0	1	90 3e 0 
8544	0	1	90 39 6c 
8544	0	1	90 41 6c 
8544	0	2	91 26 6e 
8544	0	2	91 32 6e 
8544	0	3	92 41 4b 
8638	94	2	91 26 0 
8638	0	2	91 32 0 
8638	0	3	92 41 0 
8640	2	1	90 39 0 
8640	0	1	90 41 0 
8640	0	1	90 3a 6c 
8640	0	1	90 3e 6c 
8640	0	1	90 43 6c 
8640	0	2	91 22 6e 
8640	0	2	91 2e 6e 
8640	0	3	92 43 4b 
8800	160	2	91 22 0 
8800	0	2	91 2e 0 
8832	32	1	90 3a 0 
8832	0	1	90 3e 0 
8832	0	1	90 43 0 
8832	0	1	90 3a 6c 
8832	0	1	90 3e 6c 
8832	0	1	90 43 6c 
8832	0	2	91 22 6e 
8832	0	2	91 2e 6e 
8926	94	2	91 22 0 
8926	0	2	91 2e 0 
8928	2	2	91 22 6e 
8928	0	2	91 2e 6e 
8976	48	3	92 43 0 
9024	48	1	90 3a 0 
9024	0	1	90 3e 0 
9024	0	1	90 43 0 
9024	0	1	90 3e 6c 
9024	0	1	90 43 6c 
9024	0	3	92 43 4b 
9088	64	2	91 22 0 
9088	0	2	91 2e 0 
9118	30	3	92 43 0 
9120	2	1	90 3e 0 
9120	0	1	90 43 0 
9120	0	1	90 3e 6c 
9120	0	1	90 45 6c 
9120	0	2	91 22 6e 
9120	0	2	91 2e 6e 
9120	0	3	92 45 4b 
9214	94	2	91 22 0 
9214	0	2	91 2e 0 
9214	0	3	92 45 0 
9216	2	1	90 3e 0 
9216	0	1	90 45 0 
9216	0	1	90 3e 6c 
9216	0	1	90 43 6c 
9216	0	1	90 46 6c 
9216	0	2	91 1f 6e 
9216	0	2	91 2b 6e 
9216	0	3	92 46 4b 
9376	160	2	91 1f 0 
9376	0	2	91 2b 0 
9408	32	1	90 3e 0 
9408	0	1	90 43 0 
9408	0	1	90 46 0 
9408	0	1	90 3e 6c 
9408	0	1	90 43 6c 
9408	0	1	90 46 6c 
9408	0	2	91 1f 6e 
9408	0	2	91 2b 6e 
9502	94	2	91 1f 0 
9502	0	2	91 2b 0 
9504	2	2	91 1f 6e 
9504	0	2	91 2b 6e 
9552	48	3	92 46 0 
9600	48	1	90 3e 0 
9600	0	1	90 43 0 
9600	0	1	90 46 0 
9600	0	1	90 41 6c 
9600	0	1	90 45 6c 
9600	0	3	92 45 4b 
9664	64	2	91 1f 0 
9664	0	2	91 2b 0 
9694	30	3	92 45 0 
9696	2	1	90 41 0 
9696	0	1	90 45 0 
9696	0	1	90 40 6c 
9696	0	1	90 43 6c 
9696	0	2	91 1f 6e 
9696	0	2	91 2b 6e 
9696	0	3	92 43 4b 
9790	94	2	91 1f 0 
9790	0	2	91 2b 0 
9790	0	3	92 43 0 
9792	2	1	90 40 0 
9792	0	1	90 43 0 
9792	0	1	90 41 6c 
9792	0	1	90 45 6c 
9792	0	2	91 26 6e 
9792	0	2	91 32 6e 
9792	0	3	92 45 4b 
9886	94	1	90 41 0 
9886	0	1	90 45 0 
9886	0	3	92 45 0 
9888	2	1	90 3e 6c 
9888	0	3	92 3e 4b 
9952	64	2	91 26 0 
9952	0	2	91 32 0 
9984	32	2	91 26 6e 
9984	0	2	91 32 6e 
10048	64	3	92 3e 0 
10078	30	2	91 26 0 
10078	0	2	91 32 0 
10080	2	1	90 3e 0 
10080	0	2	91 26 6e 
10080	0	2	91 32 6e 
10176	96	1	90 3e 6c 
10176	0	3	92 3e 4b 
10240	64	2	91 26 0 
10240	0	2	91 32 0 
10270	30	3	92 3e 0 
10272	2	1	90 3e 0 
10272	0	1	90 40 6c 
10272	0	2	91 26 6e 
10272	0	2	91 32 6e 
10272	0	3	92 40 4b 
10366	94	2	91 26 0 
10366	0	2	91 32 0 
10366	0	3	92 40 0 
10368	2	1	90 40 0 
10368	0	1	90 3a 6c 
10368	0	1	90 3e 6c 
10368	0	1	90 41 6c 
10368	0	2	91 22 6e 
10368	0	2	91 2e 6e 
10368	0	3	92 41 4b 
10528	160	2	91 22 0 
10528	0	2	91 2e 0 
10560	32	1	90 3a 0 
10560	0	1	90 3e 0 
10560	0	1	90 41 0 
10560	0	1	90 3a 6c 
10560	0	1	90 3e 6c 
10560	0	1	90 41 6c 
10560	0	2	91 22 6e 
10560	0	2	91 2e 6e 
10654	94	2	91 22 0 
10654	0	2	91 2e 0 
10656	2	2	91 22 6e 
10656	0	2	91 2e 6e 
10704	48	3	92 41 0 
10752	48	1	90 3a 0 
10752	0	1	90 3e 0 
10752	0	1	90 41 0 
10752	0	1	90 3a 6c 
10752	0	1	90 3e 6c 
10752	0	1	90 43 6c 
10752	0	3	92 43 4b 
10816	64	2	91 22 0 
10816	0	2	91 2e 0 
10848	32	2	91 22 6e 
10848	0	2	91 2e 6e 
10912	64	3	92 43 0 
10942	30	2	91 22 0 
10942	0	2	91 2e 0 
10944	2	1	90 3a 0 
10944	0	1	90 3e 0 
10944	0	1	90 43 0 
10944	0	1	90 41 6c 
10944	0	1	90 45 6c 
10944	0	2	91 26 6e 
10944	0	2	91 32 6e 
10944	0	3	92 45 4b 
11038	94	3	92 45 0 
11040	2	1	90 41 0 
11040	0	1	90 45 0 
11040	0	1	90 3e 6c 
11040	0	3	92 3e 4b 
11104	64	2	91 26 0 
11104	0	2	91 32 0 
11136	32	2	91 26 6e 
11136	0	2	91 32 6e 
11200	64	3	92 3e 0 
11230	30	2	91 26 0 
11230	0	2	91 32 0 
11232	2	1	90 3e 0 
11232	0	2	91 26 6e 
11232	0	2	91 32 6e 
11328	96	1	90 3e 6c 
11328	0	3	92 3e 4b 
11392	64	2	91 26 0 
11392	0	2	91 32 0 
11422	30	3	92 3e 0 
11424	2	1	90 3e 0 
11424	0	1	90 41 6c 
11424	0	2	91 26 6e 
11424	0	2	91 32 6e 
11424	0	3	92 41 4b 
11518	94	2	91 26 0 
11518	0	2	91 32 0 
11518	0	3	92 41 0 
11520	2	1	90 41 0 
11520	0	1	90 39 6c 
11520	0	1	90 3d 6c 
11520	0	1	90 40 6c 
11520	0	2	91 21 6e 
11520	0	2	91 2d 6e 
11520	0	3	92 40 4b 
11680	160	2	91 21 0 
11680	0	2	91 2d 0 
11712	32	1	90 39 0 
11712	0	1	90 3d 0 
11712	0	1	90 40 0 
11712	0	1	90 39 6c 
11712	0	1	90 3d 6c 
11712	0	1	90 40 6c 
11712	0	2	91 21 6e 
11712	0	2	91 2d 6e 
11806	94	2	91 21 0 
11806	0	2	91 2d 0 
11808	2	2	91 21 6e 
11808	0	2	91 2d 6e 
11856	48	3	92 40 0 
11904	48	1	90 39 0 
11904	0	1	90 3d 0 
11904	0	1	90 40 0 
11904	0	1	90 3e 6c 
11904	0	1	90 41 6c 
11904	0	3	92 41 4b 
11968	64	2	91 21 0 
11968	0	2	91 2d 0 
11998	30	3	92 41 0 
12000	2	1	90 3e 0 
12000	0	1	90 41 0 
12000	0	1	90 3b 6c 
12000	0	1	90 3e 6c 
12000	0	2	91 21 6e 
12000	0	2	91 2d 6e 
12000	0	3	92 3e 4b 
12094	94	2	91 21 0 
12094	0	2	91 2d 0 
12094	0	3	92 3e 0 
12096	2	1	90 3b 0 
12096	0	1	90 3e 0 
12096	0	1	90 39 6c 
12096	0	1	90 3d 6c 
12096	0	1	90 40 6c 
12096	0	2	91 21 6e 
12096	0	2	91 2d 6e 
12096	0	3	92 40 4b 
12256	160	2	91 21 0 
12256	0	2	91 2d 0 
12288	32	2	91 21 6e 
12288	0	2	91 2d 6e 
12352	64	3	92 40 0 
12382	30	2	91 21 0 
12382	0	2	91 2d 0 
12384	2	1	90 39 0 
12384	0	1	90 3d 0 
12384	0	1	90 40 0 
12384	0	2	91 21 6e 
12384	0	2	91 2d 6e 
12480	96	1	90 45 6c 
12480	0	3	92 45 4b 
12544	64	2	91 21 0 
12544	0	2	91 2d 0 
12574	30	3	92 45 0 
12576	2	1	90 45 0 
12576	0	1	90 48 6c 
12576	0	2	91 21 6e 
12576	0	2	91 2d 6e 
12576	0	3	92 48 4b 
12670	94	2	91 21 0 
12670	0	2	91 2d 0 
12670	0	3	92 48 0 
12672	2	1	90 48 0 
12672	0	1	90 41 6c 
12672	0	1	90 45 6c 
12672	0	1	90 4a 6c 
12672	0	2	91 26 6e 
12672	0	2	91 32 6e 
12672	0	3	92 4a 4b 
12832	160	2	91 26 0 
12832	0	2	91 32 0 
12864	32	1	90 41 0 
12864	0	1	90 45 0 
12864	0	1	90 4a 0 
12864	0	1	90 41 6c 
12864	0	1	90 45 6c 
12864	0	1	90 4a 6c 
12864	0	2	91 26 6e 
12864	0	2	91 32 6e 
12958	94	2	91 26 0 
12958	0	2	91 32 0 
12960	2	2	91 26 6e 
12960	0	2	91 32 6e 
13008	48	3	92 4a 0 
13056	48	1	90 41 0 
13056	0	1	90 45 0 
13056	0	1	90 4a 0 
13056	0	1	90 41 6c 
13056	0	1	90 45 6c 
13056	0	1	90 4a 6c 
13056	0	3	92 4a 4b 
13120	64	2	91 26 0 
13120	0	2	91 32 0 
13150	30	3	92 4a 0 
13152	2	1	90 41 0 
13152	0	1	90 45 0 
13152	0	1	90 4a 0 
13152	0	1	90 45 6c 
13152	0	1	90 48 6c 
13152	0	1	90 4c 6c 
13152	0	2	91 24 6e 
13152	0	2	91 30 6e 
13152	0	3	92 4c 4b 
13246	94	2	91 24 0 
13246	0	2	91 30 0 
13246	0	3	92 4c 0 
13248	2	1	90 45 0 
13248	0	1	90 48 0 
13248	0	1	90 4c 0 
13248	0	1	90 46 6c 
13248	0	1	90 4a 6c 
13248	0	1	90 4d 6c 
13248	0	2	91 22 6e 
13248	0	2	91 2e 6e 
13248	0	3	92 4d 4b 
13408	160	2	91 22 0 
13408	0	2	91 2e 0 
13440	32	1	90 46 0 
13440	0	1	90 4a 0 
13440	0	1	90 4d 0 
13440	0	1	90 46 6c 
13440	0	1	90 4a 6c 
13440	0	1	90 4d 6c 
13440	0	2	91 22 6e 
13440	0	2	91 2e 6e 
13534	94	2	91 22 0 
13534	0	2	91 2e 0 
13536	2	2	91 22 6e 
13536	0	2	91 2e 6e 
13584	48	3	92 4d 0 
13632	48	1	90 46 0 
13632	0	1	90 4a 0 
13632	0	1	90 4d 0 
13632	0	1	90 46 6c 
13632	0	1	90 4a 6c 
13632	0	1	90 4d 6c 
13632	0	3	92 4d 4b 
13696	64	2	91 22 0 
13696	0	2	91 2e 0 
13726	30	3	92 4d 0 
13728	2	1	90 46 0 
13728	0	1	90 4a 0 
13728	0	1	90 4d 0 
13728	0	1	90 4a 6c 
13728	0	1	90 4f 6c 
13728	0	2	91 22 6e 
13728	0	2	91 2e 6e 
13728	0	3	92 4f 4b 
13822	94	2	91 22 0 
13822	0	2	91 2e 0 
13822	0	3	92 4f 0 
13824	2	1	90 4a 0 
13824	0	1	90 4f 0 
13824	0	1	90 45 6c 
13824	0	1	90 48 6c 
13824	0	1	90 4c 6c 
13824	0	2	91 21 6e 
13824	0	2	91 2d 6e 
13824	0	3	92 4c 4b 
13984	160	2	91 21 0 
13984	0	2	91 2d 0 
14016	32	1	90 45 0 
14016	0	1	90 48 0 
14016	0	1	90 4c 0 
14016	0	1	90 45 6c 
14016	0	1	90 48 6c 
14016	0	1	90 4c 6c 
14016	0	2	91 21 6e 
14016	0	2	91 2d 6e 
14110	94	2	91 21 0 
14110	0	2	91 2d 0 
14112	2	2	91 21 6e 
14112	0	2	91 2d 6e 
14160	48	3	92 4c 0 
14208	48	1	90 45 0 
14208	0	1	90 48 0 
14208	0	1	90 4c 0 
14208	0	1	90 45 6c 
14208	0	1	90 4a 6c 
14208	0	3	92 4a 4b 
14272	64	2	91 21 0 
14272	0	2	91 2d 0 
14302	30	3	92 4a 0 
14304	2	1	90 45 0 
14304	0	1	90 4a 0 
14304	0	1	90 43 6c 
14304	0	1	90 48 6c 
14304	0	2	91 21 6e 
14304	0	2	91 2d 6e 
14304	0	3	92 48 4b 
14398	94	2	91 21 0 
14398	0	2	91 2d 0 
14398	0	3	92 48 0 
14400	2	1	90 43 0 
14400	0	1	90 48 0 
14400	0	1	90 45 6c 
14400	0	1	90 48 6c 
14400	0	2	91 26 6e 
14400	0	2	91 32 6e 
14400	0	3	92 48 4b 
14494	94	1	90 45 0 
14494	0	1	90 48 0 
14494	0	3	92 48 0 
14496	2	1	90 45 6c 
14496	0	1	90 4a 6c 
14496	0	3	92 4a 4b 
14560	64	2	91 26 0 
14560	0	2	91 32 0 
14592	32	2	91 26 6e 
14592	0	2	91 32 6e 
14656	64	1	90 45 0 
14656	0	1	90 4a 0 
14686	30	2	91 26 0 
14686	0	2	91 32 0 
14688	2	2	91 26 6e 
14688	0	2	91 32 6e 
14752	64	3	92 4a 0 
14784	32	1	90 45 6c 
14784	0	3	92 45 4b 
14848	64	2	91 26 0 
14848	0	2	91 32 0 
14878	30	3	92 45 0 
14880	2	1	90 45 0 
14880	0	1	90 48 6c 
14880	0	2	91 26 6e 
14880	0	2	91 32 6e 
14880	0	3	92 48 4b 
14974	94	2	91 26 0 
14974	0	2	91 32 0 
14974	0	3	92 48 0 
14976	2	1	90 48 0 
14976	0	1	90 41 6c 
14976	0	1	90 46 6c 
14976	0	1	90 4a 6c 
14976	0	2	91 22 6e 
14976	0	2	91 2e 6e 
14976	0	3	92 4a 4b 
15136	160	2	91 22 0 
15136	0	2	91 2e 0 
15168	32	1	90 41 0 
15168	0	1	90 46 0 
15168	0	1	90 4a 0 
15168	0	1	90 41 6c 
15168	0	1	90 46 6c 
15168	0	1	90 4a 6c 
15168	0	2	91 22 6e 
15168	0	2	91 2e 6e 
15262	94	2	91 22 0 
15262	0	2	91 2e 0 
15264	2	2	91 22 6e 
15264	0	2	91 2e 6e 
15312	48	3	92 4a 0 
15360	48	1	90 41 0 
15360	0	1	90 46 0 
15360	0	1	90 4a 0 
15360	0	1	90 46 6c 
15360	0	1	90 4a 6c 
15360	0	3	92 4a 4b 
15424	64	2	91 22 0 
15424	0	2	91 2e 0 
15454	30	3	92 4a 0 
15456	2	1	90 46 0 
15456	0	1	90 4a 0 
15456	0	1	90 46 6c 
15456	0	1	90 4c 6c 
15456	0	2	91 22 6e 
15456	0	2	91 2e 6e 
15456	0	3	92 4c 4b 
15550	94	2	91 22 0 
15550	0	2	91 2e 0 
15550	0	3	92 4c 0 
15552	2	1	90 46 0 
15552	0	1	90 4c 0 
15552	0	1	90 45 6c 
15552	0	1	90 48 6c 
15552	0	1	90 4d 6c 
15552	0	2	91 1d 6e 
15552	0	2	91 29 6e 
15552	0	3	92 4d 4b 
15712	160	2	91 1d 0 
15712	0	2	91 29 0 
15744	32	1	90 45 0 
15744	0	1	90 48 0 
15744	0	1	90 4d 0 
15744	0	1	90 45 6c 
15744	0	1	90 48 6c 
15744	0	1	90 4d 6c 
15744	0	2	91 1d 6e 
15744	0	2	91 29 6e 
15838	94	2	91 1d 0 
15838	0	2	91 29 0 
15840	2	2	91 1d 6e 
15840	0	2	91 29 6e 
15888	48	3	92 4d 0 
15936	48	1	90 45 0 
15936	0	1	90 48 0 
15936	0	1	90 4d 0 
15936	0	1	90 48 6c 
15936	0	1	90 4d 6c 
15936	0	3	92 4d 4b 
16000	64	2	91 1d 0 
16000	0	2	91 29 0 
16030	30	3	92 4d 0 
16032	2	1	90 48 0 
16032	0	1	90 4d 0 
16032	0	1	90 48 6c 
16032	0	1	90 4f 6c 
16032	0	2	91 1d 6e 
16032	0	2	91 29 6e 
16032	0	3	92 4f 4b 
16126	94	2	91 1d 0 
16126	0	2	91 29 0 
16126	0	3	92 4f 0 
16128	2	1	90 48 0 
16128	0	1	90 4f 0 
16128	0	1	90 48 6c 
16128	0	1	90 4c 6c 
16128	0	2	91 24 6e 
16128	0	2	91 30 6e 
16128	0	3	92 4c 4b 
16288	160	2	91 24 0 
16288	0	2	91 30 0 
16320	32	1	90 48 0 
16320	0	1	90 4c 0 
16320	0	1	90 48 6c 
16320	0	1	90 4c 6c 
16320	0	2	91 24 6e 
16320	0	2	91 30 6e 
16414	94	2	91 24 0 
16414	0	2	91 30 0 
16416	2	2	91 21 6e 
16416	0	2	91 2d 6e 
16464	48	3	92 4c 0 
16512	48	1	90 48 0 
16512	0	1	90 4c 0 
16512	0	1	90 45 6c 
16512	0	1	90 4a 6c 
16512	0	3	92 4a 4b 
16576	64	2	91 21 0 
16576	0	2	91 2d 0 
16606	30	3	92 4a 0 
16608	2	1	90 45 0 
16608	0	1	90 4a 0 
16608	0	1	90 48 6c 
16608	0	2	91 21 6e 
16608	0	2	91 2d 6e 
16608	0	3	92 48 4b 
16702	94	2	91 21 0 
16702	0	2	91 2d 0 
16702	0	3	92 48 0 
16704	2	1	90 48 0 
16704	0	1	90 41 6c 
16704	0	1	90 45 6c 
16704	0	1	90 4a 6c 
16704	0	2	91 26 6e 
16704	0	2	91 32 6e 
16704	0	3	92 4a 4b 
16864	160	2	91 26 0 
16864	0	2	91 32 0 
16864	0	3	92 4a 0 
16896	32	1	90 41 0 
16896	0	1	90 45 0 
16896	0	1	90 4a 0 
16896	0	2	91 26 6e 
16896	0	2	91 32 6e 
16990	94	2	91 26 0 
16990	0	2	91 32 0 
16992	2	2	91 26 6e 
16992	0	2	91 32 6e 
17088	96	1	90 45 6c 
17088	0	3	92 45 4b 
17152	64	2	91 26 0 
17152	0	2	91 32 0 
17182	30	3	92 45 0 
17184	2	1	90 45 0 
17184	0	1	90 48 6c 
17184	0	2	91 26 6e 
17184	0	2	91 32 6e 
17184	0	3	92 48 4b 
17278	94	2	91 26 0 
17278	0	2	91 32 0 
17278	0	3	92 48 0 
17280	2	1	90 48 0 
17280	0	1	90 41 6c 
17280	0	1	90 45 6c 
17280	0	1	90 4a 6c 
17280	0	2	91 26 6e 
17280	0	2	91 32 6e 
17280	0	3	92 4a 4b 
17440	160	2	91 26 0 
17440	0	2	91 32 0 
17472	32	1	90 41 0 
17472	0	1	90 45 0 
17472	0	1	90 4a 0 
17472	0	1	90 41 6c 
17472	0	1	90 45 6c 
17472	0	1	90 4a 6c 
17472	0	2	91 26 6e 
17472	0	2	91 32 6e 
17566	94	2	91 26 0 
17566	0	2	91 32 0 
17568	2	2	91 26 6e 
17568	0	2	91 32 6e 
17616	48	3	92 4a 0 
17664	48	1	90 41 0 
17664	0	1	90 45 0 
17664	0	1	90 4a 0 
17664	0	1	90 45 6c 
17664	0	1	90 4a 6c 
17664	0	3	92 4a 4b 
17728	64	2	91 26 0 
17728	0	2	91 32 0 
17758	30	3	92 4a 0 
17760	2	1	90 45 0 
17760	0	1	90 4a 0 
17760	0	1	90 45 6c 
17760	0	1	90 4d 6c 
17760	0	2	91 26 6e 
17760	0	2	91 32 6e 
17760	0	3	92 4d 4b 
17854	94	2	91 26 0 
17854	0	2	91 32 0 
17854	0	3	92 4d 0 
17856	2	1	90 45 0 
17856	0	1	90 4d 0 
17856	0	1	90 46 6c 
17856	0	1	90 4a 6c 
17856	0	1	90 4f 6c 
17856	0	2	91 22 6e 
17856	0	2	91 2e 6e 
17856	0	3	92 4f 4b 
18016	160	2	91 22 0 
18016	0	2	91 2e 0 
18048	32	1	90 46 0 
18048	0	1	90 4a 0 
18048	0	1	90 4f 0 
18048	0	1	90 46 6c 
18048	0	1	90 4a 6c 
18048	0	1	90 4f 6c 
18048	0	2	91 22 6e 
18048	0	2	91 2e 6e 
18142	94	2	91 22 0 
18142	0	2	91 2e 0 
18144	2	2	91 22 6e 
18144	0	2	91 2e 6e 
18192	48	3	92 4f 0 
18240	48	1	90 46 0 
18240	0	1	90 4a 0 
18240	0	1	90 4f 0 
18240	0	1	90 4a 6c 
18240	0	1	90 4f 6c 
18240	0	3	92 4f 4b 
18304	64	2	91 22 0 
18304	0	2	91 2e 0 
18334	30	3	92 4f 0 
18336	2	1	90 4a 0 
18336	0	1	90 4f 0 
18336	0	1	90 4a 6c 
18336	0	1	90 51 6c 
18336	0	2	91 22 6e 
18336	0	2	91 2e 6e 
18336	0	3	92 51 4b 
18430	94	2	91 22 0 
18430	0	2	91 2e 0 
18430	0	3	92 51 0 
18432	2	1	90 4a 0 
18432	0	1	90 51 0 
18432	0	1	90 4a 6c 
18432	0	1	90 4f 6c 
18432	0	1	90 52 6c 
18432	0	2	91 1f 6e 
18432	0	2	91 2b 6e 
18432	0	3	92 52 4b 
18592	160	2	91 1f 0 
18592	0	2	91 2b 0 
18624	32	1	90 4a 0 
18624	0	1	90 4f 0 
18624	0	1	90 52 0 
18624	0	1	90 4a 6c 
18624	0	1	90 4f 6c 
18624	0	1	90 52 6c 
18624	0	2	91 1f 6e 
18624	0	2	91 2b 6e 
18718	94	2	91 1f 0 
18718	0	2	91 2b 0 
18720	2	2	91 1f 6e 
18720	0	2	91 2b 6e 
18768	48	3	92 52 0 
18816	48	1	90 4a 0 
18816	0	1	90 4f 0 
18816	0	1	90 52 0 
18816	0	1	90 4d 6c 
18816	0	1	90 51 6c 
18816	0	3	92 51 4b 
18880	64	2	91 1f 0 
18880	0	2	91 2b 0 
18910	30	3	92 51 0 
18912	2	1	90 4d 0 
18912	0	1	90 51 0 
18912	0	1	90 4c 6c 
18912	0	1	90 4f 6c 
18912	0	2	91 1f 6e 
18912	0	2	91 2b 6e 
18912	0	3	92 4f 4b 
19006	94	2	91 1f 0 
19006	0	2	91 2b 0 
19006	0	3	92 4f 0 
19008	2	1	90 4c 0 
19008	0	1	90 4f 0 
19008	0	1	90 4d 6c 
19008	0	1	90 51 6c 
19008	0	2	91 26 6e 
19008	0	2	91 32 6e 
19008	0	3	92 51 4b 
19102	94	3	92 51 0 
19104	2	1	90 4d 0 
19104	0	1	90 51 0 
19104	0	1	90 4a 6c 
19104	0	3	92 4a 4b 
19168	64	2	91 26 0 
19168	0	2	91 32 0 
19200	32	2	91 26 6e 
19200	0	2	91 32 6e 
19264	64	3	92 4a 0 
19294	30	2	91 26 0 
19294	0	2	91 32 0 
19296	2	1	90 4a 0 
19296	0	2	91 26 6e 
19296	0	2	91 32 6e 
19392	96	1	90 4a 6c 
19392	0	3	92 4a 4b 
19456	64	2	91 26 0 
19456	0	2	91 32 0 
19486	30	3	92 4a 0 
19488	2	1	90 4a 0 
19488	0	1	90 4c 6c 
19488	0	2	91 26 6e 
19488	0	2	91 32 6e 
19488	0	3	92 4c 4b 
19582	94	2	91 26 0 
19582	0	2	91 32 0 
19582	0	3	92 4c 0 
19584	2	1	90 4c 0 
19584	0	1	90 46 6c 
19584	0	1	90 4a 6c 
19584	0	1	90 4d 6c 
19584	0	2	91 22 6e 
19584	0	2	91 2e 6e 
19584	0	3	92 4d 4b 
19744	160	2	91 22 0 
19744	0	2	91 2e 0 
19776	32	1	90 46 0 
19776	0	1	90 4a 0 
19776	0	1	90 4d 0 
19776	0	1	90 46 6c 
19776	0	1	90 4a 6c 
19776	0	1	90 4d 6c 
19776	0	2	91 22 6e 
19776	0	2	91 2e 6e 
19870	94	2	91 22 0 
19870	0	2	91 2e 0 
19872	2	2	91 22 6e 
19872	0	2	91 2e 6e 
19920	48	3	92 4d 0 
19968	48	1	90 46 0 
19968	0	1	90 4a 0 
19968	0	1	90 4d 0 
19968	0	1	90 46 6c 
19968	0	1	90 4a 6c 
19968	0	1	90 4f 6c 
19968	0	3	92 4f 4b 
20032	64	2	91 22 0 
20032	0	2	91 2e 0 
20064	32	2	91 22 6e 
20064	0	2	91 2e 6e 
20128	64	3	92 4f 0 
20158	30	2	91 22 0 
20158	0	2	91 2e 0 
20160	2	1	90 46 0 
20160	0	1	90 4a 0 
20160	0	1	90 4f 0 
20160	0	1	90 4d 6c 
20160	0	1	90 51 6c 
20160	0	2	91 26 6e 
20160	0	2	91 32 6e 
20160	0	3	92 51 4b 
20254	94	3	92 51 0 
20256	2	1	90 4d 0 
20256	0	1	90 51 0 
20256	0	1	90 4a 6c 
20256	0	3	92 4a 4b 
20320	64	2	91 26 0 
20320	0	2	91 32 0 
20352	32	2	91 26 6e 
20352	0	2	91 32 6e 
20416	64	3	92 4a 0 
20446	30	2	91 26 0 
20446	0	2	91 32 0 
20448	2	1	90 4a 0 
20448	0	2	91 26 6e 
20448	0	2	91 32 6e 
20544	96	1	90 4a 6c 
20544	0	3	92 4a 4b 
20608	64	2	91 26 0 
20608	0	2	91 32 0 
20638	30	3	92 4a 0 
20640	2	1	90 4a 0 
20640	0	1	90 4d 6c 
20640	0	2	91 26 6e 
20640	0	2	91 32 6e 
20640	0	3	92 4d 4b 
20734	94	2	91 26 0 
20734	0	2	91 32 0 
20734	0	3	92 4d 0 
20736	2	1	90 4d 0 
20736	0	1	90 45 6c 
20736	0	1	90 49 6c 
20736	0	1	90 4c 6c 
20736	0	2	91 21 6e 
20736	0	2	91 2d 6e 
20736	0	3	92 4c 4b 
20896	160	2	91 21 0 
20896	0	2	91 2d 0 
20928	32	1	90 45 0 
20928	0	1	90 49 0 
20928	0	1	90 4c 0 
20928	0	1	90 45 6c 
20928	0	1	90 49 6c 
20928	0	1	90 4c 6c 
20928	0	2	91 21 6e 
20928	0	2	91 2d 6e 
21022	94	2	91 21 0 
21022	0	2	91 2d 0 
21024	2	2	91 21 6e 
21024	0	2	91 2d 6e 
21072	48	3	92 4c 0 
21120	48	1	90 45 0 
21120	0	1	90 49 0 
21120	0	1	90 4c 0 
21120	0	1	90 4a 6c 
21120	0	3	92 4a 4b 
21184	64	2	91 21 0 
21184	0	2	91 2d 0 
21214	30	3	92 4a 0 
21216	2	1	90 4a 0 
21216	0	1	90 49 6c 
21216	0	2	91 21 6e 
21216	0	2	91 2d 6e 
21216	0	3	92 48 4b 
21310	94	2	91 21 0 
21310	0	2	91 2d 0 
21310	0	3	92 48 0 
21312	2	1	90 49 0 
21312	0	1	90 45 6c 
21312	0	1	90 4a 6c 
21312	0	2	91 26 6e 
21312	0	2	91 32 6e 
21312	0	3	92 4a 4b 
21472	160	2	91 26 0 
21472	0	2	91 32 0 
21504	32	1	90 45 0 
21504	0	1	90 4a 0 
21504	0	1	90 45 6c 
21504	0	1	90 4a 6c 
21504	0	2	91 26 6e 
21504	0	2	91 32 6e 
21648	144	3	92 4a 0 
21664	16	2	91 26 0 
21664	0	2	91 32 0 
21696	32	1	90 45 0 
21696	0	1	90 4a 0 
21696	0	1	90 45 6c 
21696	0	1	90 48 6c 
21696	0	1	90 4c 6c 
21696	0	2	91 24 6e 
21696	0	2	91 30 6e 
21696	0	3	92 4c 4b 
21856	160	2	91 24 0 
21856	0	2	91 30 0 
21856	0	3	92 4c 0 
21888	32	1	90 45 0 
21888	0	1	90 48 0 
21888	0	1	90 4c 0 
21888	0	1	90 48 6c 
21888	0	1	90 4a 6c 
21888	0	1	90 4d 6c 
21888	0	2	91 24 6e 
21888	0	2	91 30 6e 
21888	0	3	92 48 4b 
21888	0	3	92 4d 4b 
22048	160	2	91 24 0 
22048	0	2	91 30 0 
22048	0	3	92 48 0 
22048	0	3	92 4d 0 
22080	32	1	90 48 0 
22080	0	1	90 4a 0 
22080	0	1	90 4d 0 
22080	0	1	90 4d 6c 
22080	0	2	91 24 6e 
22080	0	2	91 30 6e 
22080	0	3	92 4d 4b 
22176	96	1	90 4d 0 
22176	0	1	90 4d 6c 
22240	64	2	91 24 0 
22240	0	2	91 30 0 
22240	0	3	92 4d 0 
22272	32	1	90 4d 0 
22272	0	1	90 46 6c 
22272	0	1	90 4a 6c 
22272	0	1	90 4f 6c 
22272	0	2	91 22 6e 
22272	0	2	91 2e 6e 
22272	0	3	92 4f 4b 
22432	160	2	91 22 0 
22432	0	2	91 2e 0 
22432	0	3	92 4f 0 
22464	32	1	90 46 0 
22464	0	1	90 4a 0 
22464	0	1	90 4f 0 
22464	0	1	b0 40 7f 
22464	0	1	90 4a 6c 
22464	0	1	90 51 6c 
22464	0	2	91 21 6e 
22464	0	2	91 2d 6e 
22464	0	3	92 51 4b 
22560	96	1	90 4a 0 
22560	0	1	90 51 0 
22560	0	1	90 4d 6c 
22624	64	2	91 21 0 
22624	0	2	91 2d 0 
22656	32	1	90 4d 0 
22656	0	2	91 21 6e 
22656	0	2	91 2d 6e 
22750	94	2	91 21 0 
22750	0	2	91 2d 0 
22752	2	2	91 21 6e 
22752	0	2	91 2d 6e 
22800	48	3	92 51 0 
22848	48	1	90 45 6c 
22848	0	1	90 4d 6c 
22848	0	3	92 4d 4b 
22912	64	2	91 21 0 
22912	0	2	91 2d 0 
22944	32	1	90 45 0 
22944	0	1	90 4d 0 
22944	0	1	90 45 6c 
22944	0	1	90 4a 6c 
22944	0	2	91 21 6e 
22944	0	2	91 2d 6e 
23008	64	3	92 4d 0 
23038	30	2	91 21 0 
23038	0	2	91 2d 0 
23040	2	1	90 45 0 
23040	0	1	90 4a 0 
23040	0	1	90 45 6c 
23040	0	2	91 21 6e 
23040	0	2	91 2d 6e 
23136	96	1	90 45 0 
23200	64	2	91 21 0 
23200	0	2	91 2d 0 
23232	32	2	91 21 6e 
23232	0	2	91 2d 6e 
23326	94	2	91 21 0 
23326	0	2	91 2d 0 
23328	2	2	91 21 6e 
23328	0	2	91 2d 6e 
23488	160	2	91 21 0 
23488	0	2	91 2d 0 
23520	32	2	91 21 6e 
23520	0	2	91 2d 6e 
23614	94	2	91 21 0 
23614	0	2	91 2d 0 
23616	2	1	90 4a 6c 
23616	0	1	90 4f 6c 
23616	0	1	90 52 6c 
23616	0	2	91 1f 6e 
23616	0	2	91 2b 6e 
23616	0	3	92 52 4b 
23712	96	1	90 4a 0 
23712	0	1	90 4f 0 
23712	0	1	90 52 0 
23776	64	2	91 1f 0 
23776	0	2	91 2b 0 
23808	32	2	91 1f 6e 
23808	0	2	91 2b 6e 
23902	94	2	91 1f 0 
23902	0	2	91 2b 0 
23904	2	2	91 1f 6e 
23904	0	2	91 2b 6e 
24000	96	1	90 46 6c 
24000	0	1	90 4f 6c 
24064	64	2	91 1f 0 
24064	0	2	91 2b 0 
24096	32	1	90 46 0 
24096	0	1	90 4f 0 
24096	0	1	90 46 6c 
24096	0	1	90 4a 6c 
24096	0	2	91 1f 6e 
24096	0	2	91 2b 6e 
24144	48	3	92 52 0 
24190	46	2	91 1f 0 
24190	0	2	91 2b 0 
24192	2	1	90 46 0 
24192	0	1	90 4a 0 
24192	0	1	90 46 6c 
24192	0	2	91 1f 6e 
24192	0	2	91 2b 6e 
24288	96	1	90 46 0 
24352	64	2	91 1f 0 
24352	0	2	91 2b 0 
24384	32	2	91 1f 6e 
24384	0	2	91 2b 6e 
24478	94	2	91 1f 0 
24478	0	2	91 2b 0 
24480	2	2	91 1f 6e 
24480	0	2	91 2b 6e 
24640	160	2	91 1f 0 
24640	0	2	91 2b 0 
24672	32	2	91 1f 6e 
24672	0	2	91 2b 6e 
24766	94	2	91 1f 0 
24766	0	2	91 2b 0 
24768	2	1	90 3d 6c 
24768	0	1	90 40 6c 
24768	0	2	91 21 6e 
24768	0	2	91 2d 6e 
24768	0	3	92 3c 4b 
24768	0	3	92 40 4b 
24862	94	1	90 3d 0 
24862	0	1	90 40 0 
24864	2	1	90 3d 6c 
24864	0	1	90 40 6c 
24928	64	2	91 21 0 
24928	0	2	91 2d 0 
24960	32	2	91 21 6e 
24960	0	2	91 2d 6e 
25024	64	1	90 3d 0 
25024	0	1	90 40 0 
25024	0	3	92 3c 0 
25024	0	3	92 40 0 
25054	30	2	91 21 0 
25054	0	2	91 2d 0 
25056	2	1	90 37 6c 
25056	0	1	90 3e 6c 
25056	0	2	91 21 6e 
25056	0	2	91 2d 6e 
25056	0	3	92 3e 4b 
25216	160	2	91 21 0 
25216	0	2	91 2d 0 
25248	32	2	91 21 6e 
25248	0	2	91 2d 6e 
25312	64	1	90 37 0 
25312	0	1	90 3e 0 
25312	0	3	92 3e 0 
25342	30	2	91 21 0 
25342	0	2	91 2d 0 
25344	2	1	90 39 6c 
25344	0	1	90 3d 6c 
25344	0	1	90 41 6c 
25344	0	2	91 21 6e 
25344	0	2	91 2d 6e 
25344	0	3	92 41 4b 
25504	160	2	91 21 0 
25504	0	2	91 2d 0 
25536	32	2	91 21 6e 
25536	0	2	91 2d 6e 
25600	64	1	90 39 0 
25600	0	1	90 3d 0 
25600	0	1	90 41 0 
25630	30	2	91 21 0 
25630	0	2	91 2d 0 
25632	2	2	91 21 6e 
25632	0	2	91 2d 6e 
25728	96	1	90 41 6c 
25792	64	2	91 21 0 
25792	0	2	91 2d 0 
25822	30	1	90 41 0 
25824	2	1	90 43 6c 
25824	0	2	91 21 6e 
25824	0	2	91 2d 6e 
25872	48	3	92 41 0 
25918	46	1	90 43 0 
25918	0	2	91 21 0 
25918	0	2	91 2d 0 
25920	2	1	90 3e 6c 
25920	0	1	90 41 6c 
25920	0	1	90 45 6c 
25920	0	2	91 26 6e 
25920	0	2	91 32 6e 
25920	0	3	92 45 4b 
26080	160	1	90 3e 0 
26080	0	1	90 41 0 
26080	0	1	90 45 0 
26080	0	2	91 26 0 
26080	0	2	91 32 0 
26112	32	1	90 3e 6c 
26112	0	1	90 41 6c 
26112	0	1	90 45 6c 
26112	0	2	91 26 6e 
26112	0	2	91 32 6e 
26206	94	2	91 26 0 
26206	0	2	91 32 0 
26208	2	2	91 26 6e 
26208	0	2	91 32 6e 
26272	64	1	90 3e 0 
26272	0	1	90 41 0 
26272	0	1	90 45 0 
26304	32	1	90 3e 6c 
26304	0	1	90 41 6c 
26304	0	1	90 45 6c 
26368	64	2	91 26 0 
26368	0	2	91 32 0 
26400	32	2	91 26 6e 
26400	0	2	91 32 6e 
26448	48	3	92 45 0 
26464	16	1	90 3e 0 
26464	0	1	90 41 0 
26464	0	1	90 45 0 
26494	30	2	91 26 0 
26494	0	2	91 32 0 
26496	2	1	90 3e 6c 
26496	0	1	90 41 6c 
26496	0	1	90 46 6c 
26496	0	2	91 26 6e 
26496	0	2	91 32 6e 
26496	0	3	92 46 4b 
26590	94	1	90 3e 0 
26590	0	1	90 41 0 
26590	0	1	90 46 0 
26590	0	3	92 46 0 
26592	2	1	90 3e 6c 
26592	0	1	90 41 6c 
26592	0	1	90 45 6c 
26656	64	2	91 26 0 
26656	0	2	91 32 0 
26686	30	1	90 3e 0 
26686	0	1	90 41 0 
26686	0	1	90 45 0 
26688	2	2	91 26 6e 
26688	0	2	91 32 6e 
26782	94	2	91 26 0 
26782	0	2	91 32 0 
26784	2	2	91 26 6e 
26784	0	2	91 32 6e 
26878	94	2	91 26 0 
26878	0	2	91 32 0 
26880	2	2	91 26 6e 
26880	0	2	91 32 6e 
26974	94	2	91 26 0 
26974	0	2	91 32 0 
26976	2	2	91 26 6e 
26976	0	2	91 32 6e 
27070	94	2	91 26 0 
27070	0	2	91 32 0 
27072	2	1	90 3c 6c 
27072	0	1	90 40 6c 
27072	0	1	90 43 6c 
27072	0	2	91 24 6e 
27072	0	2	91 30 6e 
27072	0	3	92 43 4b 
27232	160	1	90 3c 0 
27232	0	1	90 40 0 
27232	0	1	90 43 0 
27232	0	2	91 24 0 
27232	0	2	91 30 0 
27264	32	1	90 3c 6c 
27264	0	1	90 40 6c 
27264	0	1	90 43 6c 
27264	0	2	91 24 6e 
27264	0	2	91 30 6e 
27358	94	2	91 24 0 
27358	0	2	91 30 0 
27360	2	2	91 24 6e 
27360	0	2	91 30 6e 
27424	64	1	90 3c 0 
27424	0	1	90 40 0 
27424	0	1	90 43 0 
27456	32	1	90 3c 6c 
27456	0	1	90 40 6c 
27456	0	1	90 43 6c 
27520	64	2	91 24 0 
27520	0	2	91 30 0 
27552	32	2	91 24 6e 
27552	0	2	91 30 6e 
27600	48	3	92 43 0 
27616	16	1	90 3c 0 
27616	0	1	90 40 0 
27616	0	1	90 43 0 
27646	30	2	91 24 0 
27646	0	2	91 30 0 
27648	2	1	90 3c 6c 
27648	0	1	90 40 6c 
27648	0	1	90 43 6c 
27648	0	2	91 29 6e 
27648	0	2	91 35 6e 
27648	0	3	92 45 4b 
27742	94	1	90 3c 0 
27742	0	1	90 40 0 
27742	0	1	90 43 0 
27742	0	3	92 45 0 
27744	2	1	90 3c 6c 
27744	0	1	90 41 6c 
27744	0	1	90 45 6c 
27808	64	2	91 29 0 
27808	0	2	91 35 0 
27838	30	1	90 3c 0 
27838	0	1	90 41 0 
27838	0	1	90 45 0 
27840	2	2	91 29 6e 
27840	0	2	91 35 6e 
27934	94	2	91 29 0 
27934	0	2	91 35 0 
27936	2	2	91 29 6e 
27936	0	2	91 35 6e 
28030	94	2	91 29 0 
28030	0	2	91 35 0 
28032	2	2	91 29 6e 
28032	0	2	91 35 6e 
28126	94	2	91 29 0 
28126	0	2	91 35 0 
28128	2	2	91 29 6e 
28128	0	2	91 35 6e 
28222	94	2	91 29 0 
28222	0	2	91 35 0 
28224	2	1	90 3e 6c 
28224	0	1	90 41 6c 
28224	0	1	90 45 6c 
28224	0	2	91 26 6e 
28224	0	2	91 32 6e 
28224	0	3	92 45 4b 
28384	160	1	90 3e 0 
28384	0	1	90 41 0 
28384	0	1	90 45 0 
28384	0	2	91 26 0 
28384	0	2	91 32 0 
28416	32	1	90 3e 6c 
28416	0	1	90 41 6c 
28416	0	1	90 45 6c 
28416	0	2	91 26 6e 
28416	0	2	91 32 6e 
28510	94	2	91 26 0 
28510	0	2	91 32 0 
28512	2	2	91 26 6e 
28512	0	2	91 32 6e 
28576	64	1	90 3e 0 
28576	0	1	90 41 0 
28576	0	1	90 45 0 
28608	32	1	90 3e 6c 
28608	0	1	90 41 6c 
28608	0	1	90 45 6c 
28672	64	2	91 26 0 
28672	0	2	91 32 0 
28704	32	2	91 26 6e 
28704	0	2	91 32 6e 
28752	48	3	92 45 0 
28768	16	1	90 3e 0 
28768	0	1	90 41 0 
28768	0	1	90 45 0 
28798	30	2	91 26 0 
28798	0	2	91 32 0 
28800	2	1	90 3e 6c 
28800	0	1	90 41 6c 
28800	0	1	90 46 6c 
28800	0	2	91 26 6e 
28800	0	2	91 32 6e 
28800	0	3	92 46 4b 
28894	94	1	90 3e 0 
28894	0	1	90 41 0 
28894	0	1	90 46 0 
28894	0	3	92 46 0 
28896	2	1	90 3e 6c 
28896	0	1	90 41 6c 
28896	0	1	90 45 6c 
28960	64	2	91 26 0 
28960	0	2	91 32 0 
28990	30	1	90 3e 0 
28990	0	1	90 41 0 
28990	0	1	90 45 0 
28992	2	2	91 26 6e 
28992	0	2	91 32 6e 
29086	94	2	91 26 0 
29086	0	2	91 32 0 
29088	2	2	91 26 6e 
29088	0	2	91 32 6e 
29182	94	2	91 26 0 
29182	0	2	91 32 0 
29184	2	2	91 26 6e 
29184	0	2	91 32 6e 
29278	94	2	91 26 0 
29278	0	2	91 32 0 
29280	2	2	91 26 6e 
29280	0	2	91 32 6e 
29374	94	2	91 26 0 
29374	0	2	91 32 0 
29376	2	1	90 3d 6c 
29376	0	1	90 40 6c 
29376	0	1	90 43 6c 
29376	0	2	91 21 6e 
29376	0	2	91 2d 6e 
29376	0	3	92 43 4b 
29536	160	1	90 3d 0 
29536	0	1	90 40 0 
29536	0	1	90 43 0 
29536	0	2	91 21 0 
29536	0	2	91 2d 0 
29536	0	3	92 43 0 
29568	32	1	90 3d 6c 
29568	0	1	90 41 6c 
29568	0	2	91 21 6e 
29568	0	2	91 2d 6e 
29568	0	3	92 41 4b 
29662	94	2	91 21 0 
29662	0	2	91 2d 0 
29664	2	2	91 21 6e 
29664	0	2	91 2d 6e 
29728	64	1	90 3d 0 
29728	0	1	90 41 0 
29728	0	3	92 41 0 
29760	32	1	90 39 6c 
29760	0	1	90 40 6c 
29760	0	3	92 40 4b 
29824	64	2	91 21 0 
29824	0	2	91 2d 0 
29856	32	2	91 21 6e 
29856	0	2	91 2d 6e 
29920	64	1	90 39 0 
29920	0	1	90 40 0 
29920	0	3	92 40 0 
29950	30	2	91 21 0 
29950	0	2	91 2d 0 
29952	2	1	90 35 6c 
29952	0	1	90 39 6c 
29952	0	1	90 3e 6c 
29952	0	2	91 26 6e 
29952	0	2	91 32 6e 
29952	0	3	92 3e 4b 
30112	160	1	90 35 0 
30112	0	1	90 39 0 
30112	0	1	90 3e 0 
30112	0	2	91 26 0 
30112	0	2	91 32 0 
30112	0	3	92 3e 0 
30144	32	2	91 26 6e 
30144	0	2	91 32 6e 
30238	94	2	91 26 0 
30238	0	2	91 32 0 
30240	2	2	91 26 6e 
30240	0	2	91 32 6e 
30336	96	1	90 3e 6c 
30336	0	3	92 3e 4b 
30400	64	2	91 26 0 
30400	0	2	91 32 0 
30430	30	1	90 3e 0 
30430	0	3	92 3e 0 
30432	2	1	90 40 6c 
30432	0	2	91 26 6e 
30432	0	2	91 32 6e 
30432	0	3	92 40 4b 
30526	94	1	90 40 0 
30526	0	2	91 26 0 
30526	0	2	91 32 0 
30526	0	3	92 40 0 
30528	2	1	90 39 6c 
30528	0	1	90 3e 6c 
30528	0	1	90 41 6c 
30528	0	2	91 26 6e 
30528	0	2	91 32 6e 
30528	0	3	92 39 4b 
30528	0	3	92 41 4b 
30688	160	2	91 26 0 
30688	0	2	91 32 0 
30720	32	2	91 26 6e 
30720	0	2	91 32 6e 
30814	94	2	91 26 0 
30814	0	2	91 32 0 
30816	2	2	91 26 6e 
30816	0	2	91 32 6e 
30864	48	1	90 39 0 
30864	0	1	90 3e 0 
30864	0	1	90 41 0 
30912	48	1	90 43 6c 
30976	64	2	91 26 0 
30976	0	2	91 32 0 
31006	30	1	90 43 0 
31008	2	1	90 45 6c 
31008	0	2	91 26 6e 
31008	0	2	91 32 6e 
31056	48	3	92 39 0 
31056	0	3	92 41 0 
31102	46	1	90 45 0 
31102	0	2	91 26 0 
31102	0	2	91 32 0 
31104	2	1	90 3c 6c 
31104	0	1	90 43 6c 
31104	0	2	91 24 6e 
31104	0	2	91 30 6e 
31104	0	3	92 43 4b 
31264	160	1	90 3c 0 
31264	0	1	90 43 0 
31264	0	2	91 24 0 
31264	0	2	91 30 0 
31296	32	1	90 3c 6c 
31296	0	1	90 41 6c 
31296	0	2	91 24 6e 
31296	0	2	91 30 6e 
31390	94	2	91 24 0 
31390	0	2	91 30 0 
31392	2	2	91 24 6e 
31392	0	2	91 30 6e 
31440	48	3	92 43 0 
31456	16	1	90 3c 0 
31456	0	1	90 41 0 
31486	30	2	91 24 0 
31486	0	2	91 30 0 
31488	2	1	90 3c 6c 
31488	0	1	90 40 6c 
31488	0	2	91 24 6e 
31488	0	2	91 30 6e 
31488	0	3	92 40 4b 
31582	94	2	91 24 0 
31582	0	2	91 30 0 
31584	2	2	91 24 6e 
31584	0	2	91 30 6e 
31648	64	1	90 3c 0 
31648	0	1	90 40 0 
31648	0	3	92 40 0 
31678	30	2	91 24 0 
31678	0	2	91 30 0 
31680	2	1	90 39 6c 
31680	0	1	90 3c 6c 
31680	0	1	90 41 6c 
31680	0	2	91 29 6e 
31680	0	2	91 35 6e 
31680	0	3	92 41 4b 
31840	160	1	90 39 0 
31840	0	1	90 3c 0 
31840	0	1	90 41 0 
31840	0	2	91 29 0 
31840	0	2	91 35 0 
31840	0	3	92 41 0 
31872	32	1	90 39 6c 
31872	0	1	90 3c 6c 
31872	0	1	90 43 6c 
31872	0	2	91 29 6e 
31872	0	2	91 35 6e 
31872	0	3	92 43 4b 
31966	94	2	91 29 0 
31966	0	2	91 35 0 
31968	2	2	91 29 6e 
31968	0	2	91 35 6e 
32032	64	1	90 39 0 
32032	0	1	90 3c 0 
32032	0	1	90 43 0 
32032	0	3	92 43 0 
32062	30	2	91 29 0 
32062	0	2	91 35 0 
32064	2	1	90 39 6c 
32064	0	1	90 3c 6c 
32064	0	1	90 45 6c 
32064	0	2	91 29 6e 
32064	0	2	91 35 6e 
32064	0	3	92 45 4b 
32158	94	2	91 29 0 
32158	0	2	91 35 0 
32160	2	2	91 29 6e 
32160	0	2	91 35 6e 
32224	64	1	90 39 0 
32224	0	1	90 3c 0 
32224	0	1	90 45 0 
32224	0	3	92 45 0 
32254	30	2	91 29 0 
32254	0	2	91 35 0 
32256	2	1	90 3c 6c 
32256	0	1	90 40 6c 
32256	0	1	90 43 6c 
32256	0	2	91 24 6e 
32256	0	2	91 30 6e 
32256	0	3	92 3c 4b 
32256	0	3	92 43 4b 
32416	160	1	90 3c 0 
32416	0	1	90 40 0 
32416	0	1	90 43 0 
32416	0	2	91 24 0 
32416	0	2	91 30 0 
32448	32	2	91 24 6e 
32448	0	2	91 30 6e 
32542	94	2	91 24 0 
32542	0	2	91 30 0 
32544	2	2	91 24 6e 
32544	0	2	91 30 6e 
32638	94	2	91 24 0 
32638	0	2	91 30 0 
32640	2	1	90 41 6c 
32640	0	2	91 24 6e 
32640	0	2	91 30 6e 
32734	94	1	90 41 0 
32734	0	2	91 24 0 
32734	0	2	91 30 0 
32736	2	1	90 43 6c 
32736	0	2	91 24 6e 
32736	0	2	91 30 6e 
32784	48	3	92 3c 0 
32784	0	3	92 43 0 
32830	46	1	90 43 0 
32830	0	2	91 24 0 
32830	0	2	91 30 0 
32832	2	1	90 3c 6c 
32832	0	1	90 41 6c 
32832	0	1	90 45 6c 
32832	0	2	91 29 6e 
32832	0	2	91 35 6e 
32832	0	3	92 45 4b 
32992	160	1	90 3c 0 
32992	0	1	90 41 0 
32992	0	1	90 45 0 
32992	0	2	91 29 0 
32992	0	2	91 35 0 
33024	32	2	91 29 6e 
33024	0	2	91 35 6e 
33118	94	2	91 29 0 
33118	0	2	91 35 0 
33120	2	2	91 29 6e 
33120	0	2	91 35 6e 
33168	48	3	92 45 0 
33214	46	2	91 29 0 
33214	0	2	91 35 0 
33216	2	1	90 43 6c 
33216	0	2	91 29 6e 
33216	0	2	91 35 6e 
33216	0	3	92 43 4b 
33310	94	1	90 43 0 
33310	0	2	91 29 0 
33310	0	2	91 35 0 
33310	0	3	92 43 0 
33312	2	1	90 41 6c 
33312	0	2	91 29 6e 
33312	0	2	91 35 6e 
33312	0	3	92 41 4b 
33406	94	1	90 41 0 
33406	0	2	91 29 0 
33406	0	2	91 35 0 
33406	0	3	92 41 0 
33408	2	1	90 3d 6c 
33408	0	1	90 40 6c 
33408	0	2	91 21 6e 
33408	0	2	91 2d 6e 
33408	0	3	92 40 4b 
33568	160	1	90 3d 0 
33568	0	1	90 40 0 
33568	0	2	91 21 0 
33568	0	2	91 2d 0 
33568	0	3	92 40 0 
33600	32	1	90 3d 6c 
33600	0	1	90 41 6c 
33600	0	2	91 21 6e 
33600	0	2	91 2d 6e 
33600	0	3	92 41 4b 
33694	94	2	91 21 0 
33694	0	2	91 2d 0 
33696	2	2	91 21 6e 
33696	0	2	91 2d 6e 
33760	64	1	90 3d 0 
33760	0	1	90 41 0 
33760	0	3	92 41 0 
33790	30	2	91 21 0 
33790	0	2	91 2d 0 
33792	2	1	90 3d 6c 
33792	0	1	90 40 6c 
33792	0	2	91 21 6e 
33792	0	2	91 2d 6e 
33792	0	3	92 40 4b 
33886	94	2	91 21 0 
33886	0	2	91 2d 0 
33888	2	2	91 21 6e 
33888	0	2	91 2d 6e 
33952	64	1	90 3d 0 
33952	0	1	90 40 0 
33952	0	3	92 40 0 
33982	30	2	91 21 0 
33982	0	2	91 2d 0 
33984	2	1	90 35 6c 
33984	0	1	90 39 6c 
33984	0	1	90 3e 6c 
33984	0	2	91 26 6e 
33984	0	2	91 32 6e 
33984	0	3	92 3e 4b 
34144	160	1	90 35 0 
34144	0	1	90 39 0 
34144	0	1	90 3e 0 
34144	0	2	91 26 0 
34144	0	2	91 32 0 
34176	32	2	91 26 6e 
34176	0	2	91 32 6e 
34270	94	2	91 26 0 
34270	0	2	91 32 0 
34272	2	2	91 26 6e 
34272	0	2	91 32 6e 
34320	48	3	92 3e 0 
34368	48	1	90 40 6c 
34368	0	3	92 40 4b 
34432	64	2	91 26 0 
34432	0	2	91 32 0 
34462	30	1	90 40 0 
34462	0	3	92 40 0 
34464	2	1	90 3c 6c 
34464	0	2	91 26 6e 
34464	0	2	91 32 6e 
34464	0	3	92 3c 4b 
34558	94	1	90 3c 0 
34558	0	2	91 26 0 
34558	0	2	91 32 0 
34558	0	3	92 3c 0 
34560	2	1	90 35 6c 
34560	0	1	90 39 6c 
34560	0	1	90 3e 6c 
34560	0	2	91 26 6e 
34560	0	2	91 32 6e 
34560	0	3	92 3e 4b 
34654	94	1	90 35 0 
34654	0	1	90 39 0 
34654	0	1	90 3e 0 
34720	66	2	91 26 0 
34720	0	2	91 32 0 
34752	32	2	91 26 6e 
34752	0	2	91 32 6e 
34846	94	2	91 26 0 
34846	0	2	91 32 0 
34848	2	2	91 26 6e 
34848	0	2	91 32 6e 
34896	48	3	92 3e 0 
34942	46	2	91 26 0 
34942	0	2	91 32 0 
34944	2	1	90 4a 6c 
34944	0	2	91 26 6e 
34944	0	2	91 32 6e 
34944	0	3	92 4a 4b 
35038	94	1	90 4a 0 
35038	0	2	91 26 0 
35038	0	2	91 32 0 
35038	0	3	92 4a 0 
35040	2	1	90 4c 6c 
35040	0	2	91 26 6e 
35040	0	2	91 32 6e 
35040	0	3	92 4c 4b 
35134	94	1	90 4c 0 
35134	0	2	91 26 0 
35134	0	2	91 32 0 
35134	0	3	92 4c 0 
35136	2	1	90 45 6c 
35136	0	1	90 4a 6c 
35136	0	1	90 4d 6c 
35136	0	2	91 26 6e 
35136	0	2	91 32 6e 
35136	0	3	92 45 4b 
35136	0	3	92 4d 4b 
35296	160	1	90 45 0 
35296	0	1	90 4a 0 
35296	0	1	90 4d 0 
35296	0	2	91 26 0 
35296	0	2	91 32 0 
35328	32	2	91 26 6e 
35328	0	2	91 32 6e 
35422	94	2	91 26 0 
35422	0	2	91 32 0 
35424	2	2	91 26 6e 
35424	0	2	91 32 6e 
35518	94	2	91 26 0 
35518	0	2	91 32 0 
35520	2	1	90 4c 6c 
35520	0	2	91 26 6e 
35520	0	2	91 32 6e 
35614	94	1	90 4c 0 
35614	0	2	91 26 0 
35614	0	2	91 32 0 
35616	2	1	90 4d 6c 
35616	0	2	91 26 6e 
35616	0	2	91 32 6e 
35664	48	3	92 45 0 
35664	0	3	92 4d 0 
35710	46	1	90 4d 0 
35710	0	2	91 26 0 
35710	0	2	91 32 0 
35712	2	1	90 48 6c 
35712	0	1	90 4f 6c 
35712	0	2	91 24 6e 
35712	0	2	91 30 6e 
35712	0	3	92 4f 4b 
35872	160	1	90 48 0 
35872	0	1	90 4f 0 
35872	0	2	91 24 0 
35872	0	2	91 30 0 
35872	0	3	92 4f 0 
35904	32	1	90 48 6c 
35904	0	1	90 4d 6c 
35904	0	2	91 24 6e 
35904	0	2	91 30 6e 
35904	0	3	92 4d 4b 
35998	94	2	91 24 0 
35998	0	2	91 30 0 
36000	2	2	91 24 6e 
36000	0	2	91 30 6e 
36064	64	1	90 48 0 
36064	0	1	90 4d 0 
36064	0	3	92 4d 0 
36094	30	2	91 24 0 
36094	0	2	91 30 0 
36096	2	1	90 48 6c 
36096	0	1	90 4f 6c 
36096	0	2	91 24 6e 
36096	0	2	91 30 6e 
36096	0	3	92 4f 4b 
36190	94	2	91 24 0 
36190	0	2	91 30 0 
36192	2	2	91 24 6e 
36192	0	2	91 30 6e 
36256	64	1	90 48 0 
36256	0	1	90 4f 0 
36256	0	3	92 4f 0 
36286	30	2	91 24 0 
36286	0	2	91 30 0 
36288	2	1	90 4d 6c 
36288	0	1	90 51 6c 
36288	0	2	91 29 6e 
36288	0	2	91 35 6e 
36288	0	3	92 51 4b 
36448	160	1	90 4d 0 
36448	0	1	90 51 0 
36448	0	2	91 29 0 
36448	0	2	91 35 0 
36448	0	3	92 51 0 
36480	32	1	90 48 6c 
36480	0	1	90 4f 6c 
36480	0	2	91 29 6e 
36480	0	2	91 35 6e 
36480	0	3	92 4f 4b 
36574	94	2	91 29 0 
36574	0	2	91 35 0 
36576	2	2	91 29 6e 
36576	0	2	91 35 6e 
36640	64	1	90 48 0 
36640	0	1	90 4f 0 
36640	0	3	92 4f 0 
36670	30	2	91 29 0 
36670	0	2	91 35 0 
36672	2	1	90 48 6c 
36672	0	1	90 4d 6c 
36672	0	2	91 29 6e 
36672	0	2	91 35 6e 
36672	0	3	92 4d 4b 
36766	94	2	91 29 0 
36766	0	2	91 35 0 
36768	2	2	91 29 6e 
36768	0	2	91 35 6e 
36832	64	1	90 48 0 
36832	0	1	90 4d 0 
36832	0	3	92 4d 0 
36862	30	2	91 29 0 
36862	0	2	91 35 0 
36864	2	1	90 41 6c 
36864	0	1	90 46 6c 
36864	0	1	90 4a 6c 
36864	0	2	91 22 6e 
36864	0	2	91 2e 6e 
36864	0	3	92 41 4b 
36864	0	3	92 4a 4b 
37024	160	1	90 41 0 
37024	0	1	90 46 0 
37024	0	1	90 4a 0 
37024	0	2	91 22 0 
37024	0	2	91 2e 0 
37056	32	2	91 22 6e 
37056	0	2	91 2e 6e 
37150	94	2	91 22 0 
37150	0	2	91 2e 0 
37152	2	2	91 22 6e 
37152	0	2	91 2e 6e 
37200	48	3	92 41 0 
37200	0	3	92 4a 0 
37246	46	2	91 22 0 
37246	0	2	91 2e 0 
37248	2	1	90 4a 6c 
37248	0	2	91 22 6e 
37248	0	2	91 2e 6e 
37248	0	3	92 4c 4b 
37342	94	1	90 4a 0 
37342	0	2	91 22 0 
37342	0	2	91 2e 0 
37344	2	1	90 4c 6c 
37344	0	2	91 22 6e 
37344	0	2	91 2e 6e 
37408	64	3	92 4c 0 
37438	30	1	90 4c 0 
37438	0	2	91 22 0 
37438	0	2	91 2e 0 
37440	2	1	90 45 6c 
37440	0	1	90 4a 6c 
37440	0	1	90 4d 6c 
37440	0	2	91 26 6e 
37440	0	2	91 32 6e 
37440	0	3	92 4d 4b 
37600	160	1	90 45 0 
37600	0	1	90 4a 0 
37600	0	1	90 4d 0 
37600	0	2	91 26 0 
37600	0	2	91 32 0 
37600	0	3	92 4d 0 
37632	32	1	90 45 6c 
37632	0	1	90 4a 6c 
37632	0	1	90 4f 6c 
37632	0	2	91 26 6e 
37632	0	2	91 32 6e 
37632	0	3	92 4f 4b 
37726	94	2	91 26 0 
37726	0	2	91 32 0 
37728	2	2	91 26 6e 
37728	0	2	91 32 6e 
37792	64	1	90 45 0 
37792	0	1	90 4a 0 
37792	0	1	90 4f 0 
37792	0	3	92 4f 0 
37822	30	2	91 26 0 
37822	0	2	91 32 0 
37824	2	1	90 4a 6c 
37824	0	1	90 51 6c 
37824	0	2	91 26 6e 
37824	0	2	91 32 6e 
37824	0	3	92 51 4b 
37918	94	2	91 26 0 
37918	0	2	91 32 0 
37920	2	2	91 26 6e 
37920	0	2	91 32 6e 
37984	64	1	90 4a 0 
37984	0	1	90 51 0 
37984	0	3	92 51 0 
38014	30	2	91 26 0 
38014	0	2	91 32 0 
38016	2	1	90 46 6c 
38016	0	1	90 4a 6c 
38016	0	1	90 52 6c 
38016	0	2	91 1f 6e 
38016	0	2	91 2b 6e 
38016	0	3	92 52 4b 
38176	160	1	90 46 0 
38176	0	1	90 4a 0 
38176	0	1	90 52 0 
38176	0	2	91 1f 0 
38176	0	2	91 2b 0 
38176	0	3	92 52 0 
38208	32	1	90 46 6c 
38208	0	1	90 4a 6c 
38208	0	2	91 1f 6e 
38208	0	2	91 2b 6e 
38208	0	3	92 4a 4b 
38302	94	2	91 1f 0 
38302	0	2	91 2b 0 
38304	2	2	91 1f 6e 
38304	0	2	91 2b 6e 
38368	64	1	90 46 0 
38368	0	1	90 4a 0 
38368	0	3	92 4a 0 
38398	30	2	91 1f 0 
38398	0	2	91 2b 0 
38400	2	1	90 46 6c 
38400	0	1	90 4f 6c 
38400	0	2	91 1f 6e 
38400	0	2	91 2b 6e 
38400	0	3	92 4f 4b 
38494	94	2	91 1f 0 
38494	0	2	91 2b 0 
38496	2	2	91 1f 6e 
38496	0	2	91 2b 6e 
38560	64	1	90 46 0 
38560	0	1	90 4f 0 
38560	0	3	92 4f 0 
38590	30	2	91 1f 0 
38590	0	2	91 2b 0 
38592	2	1	90 45 6c 
38592	0	1	90 4d 6c 
38592	0	2	91 21 6e 
38592	0	2	91 2d 6e 
38592	0	3	92 4d 4b 
38752	160	1	90 45 0 
38752	0	1	90 4d 0 
38752	0	2	91 21 0 
38752	0	2	91 2d 0 
38784	32	2	91 21 6e 
38784	0	2	91 2d 6e 
38878	94	2	91 21 0 
38878	0	2	91 2d 0 
38880	2	2	91 21 6e 
38880	0	2	91 2d 6e 
38928	48	3	92 4d 0 
38974	46	2	91 21 0 
38974	0	2	91 2d 0 
38976	2	1	90 4f 6c 
38976	0	2	91 21 6e 
38976	0	2	91 2d 6e 
38976	0	3	92 4f 4b 
39070	94	1	90 4f 0 
39070	0	2	91 21 0 
39070	0	2	91 2d 0 
39070	0	3	92 4f 0 
39072	2	1	90 4c 6c 
39072	0	2	91 21 6e 
39072	0	2	91 2d 6e 
39072	0	3	92 4c 4b 
39166	94	1	90 4c 0 
39166	0	2	91 21 0 
39166	0	2	91 2d 0 
39166	0	3	92 4c 0 
39168	2	1	90 45 6c 
39168	0	1	90 4a 6c 
39168	0	2	91 21 6e 
39168	0	2	91 2d 6e 
39168	0	3	92 4a 4b 
39328	160	1	90 45 0 
39328	0	1	90 4a 0 
39328	0	2	91 21 0 
39328	0	2	91 2d 0 
39360	32	2	91 21 6e 
39360	0	2	91 2d 6e 
39454	94	2	91 21 0 
39454	0	2	91 2d 0 
39456	2	2	91 21 6e 
39456	0	2	91 2d 6e 
39550	94	2	91 21 0 
39550	0	2	91 2d 0 
39552	2	1	90 4c 6c 
39552	0	2	91 21 6e 
39552	0	2	91 2d 6e 
39646	94	1	90 4c 0 
39646	0	2	91 21 0 
39646	0	2	91 2d 0 
39648	2	1	90 49 6c 
39648	0	2	91 21 6e 
39648	0	2	91 2d 6e 
39696	48	3	92 4a 0 
39742	46	1	90 49 0 
39742	0	2	91 21 0 
39742	0	2	91 2d 0 
39744	2	1	90 4a 6c 
39744	0	1	90 4d 6c 
39744	0	1	90 51 6c 
39744	0	2	91 26 6e 
39744	0	2	91 32 6e 
39744	0	3	92 51 4b 
39904	160	1	90 4a 0 
39904	0	1	90 4d 0 
39904	0	1	90 51 0 
39904	0	2	91 26 0 
39904	0	2	91 32 0 
39936	32	2	91 26 6e 
39936	0	2	91 32 6e 
40030	94	2	91 26 0 
40030	0	2	91 32 0 
40032	2	2	91 26 6e 
40032	0	2	91 32 6e 
40126	94	2	91 26 0 
40126	0	2	91 32 0 
40128	2	2	91 26 6e 
40128	0	2	91 32 6e 
40222	94	2	91 26 0 
40222	0	2	91 32 0 
40224	2	2	91 26 6e 
40224	0	2	91 32 6e 
40272	48	3	92 51 0 
40318	46	2	91 26 0 
40318	0	2	91 32 0 
40320	2	1	90 4a 6c 
40320	0	1	90 4f 6c 
40320	0	1	90 52 6c 
40320	0	2	91 1f 6e 
40320	0	2	91 2b 6e 
40320	0	3	92 52 4b 
40480	160	1	90 4a 0 
40480	0	1	90 4f 0 
40480	0	1	90 52 0 
40480	0	2	91 1f 0 
40480	0	2	91 2b 0 
40512	32	2	91 1f 6e 
40512	0	2	91 2b 6e 
40606	94	2	91 1f 0 
40606	0	2	91 2b 0 
40608	2	2	91 1f 6e 
40608	0	2	91 2b 6e 
40702	94	2	91 1f 0 
40702	0	2	91 2b 0 
40704	2	2	91 1f 6e 
40704	0	2	91 2b 6e 
40798	94	2	91 1f 0 
40798	0	2	91 2b 0 
40800	2	2	91 1f 6e 
40800	0	2	91 2b 6e 
40848	48	3	92 52 0 
40894	46	2	91 1f 0 
40894	0	2	91 2b 0 
40896	2	1	90 48 6c 
40896	0	1	90 4d 6c 
40896	0	1	90 51 6c 
40896	0	2	91 29 6e 
40896	0	2	91 35 6e 
40896	0	3	92 51 4b 
41056	160	1	90 48 0 
41056	0	1	90 4d 0 
41056	0	1	90 51 0 
41056	0	2	91 29 0 
41056	0	2	91 35 0 
41056	0	3	92 51 0 
41088	32	1	90 48 6c 
41088	0	1	90 4d 6c 
41088	0	1	90 51 6c 
41088	0	2	91 29 6e 
41088	0	2	91 35 6e 
41088	0	3	92 51 4b 
41182	94	2	91 29 0 
41182	0	2	91 35 0 
41184	2	2	91 29 6e 
41184	0	2	91 35 6e 
41248	64	1	90 48 0 
41248	0	1	90 4d 0 
41248	0	1	90 51 0 
41248	0	3	92 51 0 
41280	32	1	90 48 6c 
41280	0	1	90 4d 6c 
41280	0	1	90 51 6c 
41280	0	3	92 51 4b 
41344	64	2	91 29 0 
41344	0	2	91 35 0 
41376	32	2	91 29 6e 
41376	0	2	91 35 6e 
41440	64	1	90 48 0 
41440	0	1	90 4d 0 
41440	0	1	90 51 0 
41440	0	3	92 51 0 
41470	30	2	91 29 0 
41470	0	2	91 35 0 
41472	2	1	90 48 6c 
41472	0	1	90 4c 6c 
41472	0	1	90 51 6c 
41472	0	2	91 24 6e 
41472	0	2	91 30 6e 
41472	0	3	92 51 4b 
41566	94	1	90 48 0 
41566	0	1	90 4c 0 
41566	0	1	90 51 0 
41566	0	3	92 51 0 
41568	2	1	90 4f 6c 
41568	0	3	92 4f 4b 
41632	64	2	91 24 0 
41632	0	2	91 30 0 
41662	30	1	90 4f 0 
41664	2	2	91 24 6e 
41664	0	2	91 30 6e 
41758	94	2	91 24 0 
41758	0	2	91 30 0 
41760	2	2	91 24 6e 
41760	0	2	91 30 6e 
41824	64	3	92 4f 0 
41854	30	2	91 24 0 
41854	0	2	91 30 0 
41856	2	2	91 24 6e 
41856	0	2	91 30 6e 
41950	94	2	91 24 0 
41950	0	2	91 30 0 
41952	2	2	91 24 6e 
41952	0	2	91 30 6e 
42046	94	2	91 24 0 
42046	0	2	91 30 0 
42048	2	1	90 46 6c 
42048	0	1	90 4a 6c 
42048	0	1	90 4f 6c 
42048	0	2	91 1f 6e 
42048	0	2	91 2b 6e 
42048	0	3	92 4f 4b 
42208	160	1	90 46 0 
42208	0	1	90 4a 0 
42208	0	1	90 4f 0 
42208	0	2	91 1f 0 
42208	0	2	91 2b 0 
42240	32	2	91 1f 6e 
42240	0	2	91 2b 6e 
42334	94	2	91 1f 0 
42334	0	2	91 2b 0 
42336	2	2	91 1f 6e 
42336	0	2	91 2b 6e 
42430	94	2	91 1f 0 
42430	0	2	91 2b 0 
42432	2	2	91 1f 6e 
42432	0	2	91 2b 6e 
42526	94	2	91 1f 0 
42526	0	2	91 2b 0 
42528	2	2	91 1f 6e 
42528	0	2	91 2b 6e 
42576	48	3	92 4f 0 
42622	46	2	91 1f 0 
42622	0	2	91 2b 0 
42624	2	1	90 45 6c 
42624	0	1	90 4a 6c 
42624	0	1	90 4d 6c 
42624	0	2	91 21 6e 
42624	0	2	91 2d 6e 
42624	0	3	92 4d 4b 
42784	160	1	90 45 0 
42784	0	1	90 4a 0 
42784	0	1	90 4d 0 
42784	0	2	91 21 0 
42784	0	2	91 2d 0 
42816	32	2	91 21 6e 
42816	0	2	91 2d 6e 
42910	94	2	91 21 0 
42910	0	2	91 2d 0 
42912	2	2	91 21 6e 
42912	0	2	91 2d 6e 
43006	94	2	91 21 0 
43006	0	2	91 2d 0 
43008	2	2	91 21 6e 
43008	0	2	91 2d 6e 
43102	94	2	91 21 0 
43102	0	2	91 2d 0 
43104	2	2	91 21 6e 
43104	0	2	91 2d 6e 
43152	48	3	92 4d 0 
43198	46	2	91 21 0 
43198	0	2	91 2d 0 
43200	2	1	90 45 6c 
43200	0	1	90 4d 6c 
43200	0	2	91 21 6e 
43200	0	2	91 2d 6e 
43200	0	3	92 4d 4b 
43360	160	1	90 45 0 
43360	0	1	90 4d 0 
43360	0	2	91 21 0 
43360	0	2	91 2d 0 
43360	0	3	92 4d 0 
43392	32	1	90 45 6c 
43392	0	1	90 4f 6c 
43392	0	2	91 21 6e 
43392	0	2	91 2d 6e 
43392	0	3	92 4f 4b 
43486	94	2	91 21 0 
43486	0	2	91 2d 0 
43488	2	2	91 21 6e 
43488	0	2	91 2d 6e 
43552	64	1	90 45 0 
43552	0	1	90 4f 0 
43552	0	3	92 4f 0 
43582	30	2	91 21 0 
43582	0	2	91 2d 0 
43584	2	1	90 45 6c 
43584	0	1	90 4c 6c 
43584	0	2	91 21 6e 
43584	0	2	91 2d 6e 
43584	0	3	92 4c 4b 
43678	94	2	91 21 0 
43678	0	2	91 2d 0 
43680	2	2	91 21 6e 
43680	0	2	91 2d 6e 
43744	64	1	90 45 0 
43744	0	1	90 4c 0 
43744	0	3	92 4c 0 
43774	30	2	91 21 0 
43774	0	2	91 2d 0 
43776	2	1	90 41 6c 
43776	0	1	90 45 6c 
43776	0	1	90 4a 6c 
43776	0	2	91 26 6e 
43776	0	2	91 32 6e 
43776	0	3	92 4a 4b 
43936	160	2	91 26 0 
43936	0	2	91 32 0 
43968	32	2	91 26 6e 
43968	0	2	91 32 6e 
44032	64	1	90 41 0 
44032	0	1	90 45 0 
44032	0	1	90 4a 0 
44062	30	2	91 26 0 
44062	0	2	91 32 0 
44064	2	1	90 4a 6c 
44064	0	2	91 26 6e 
44064	0	2	91 32 6e 
44158	94	1	90 4a 0 
44158	0	2	91 26 0 
44158	0	2	91 32 0 
44160	2	1	90 4c 6c 
44160	0	2	91 26 6e 
44160	0	2	91 32 6e 
44254	94	1	90 4c 0 
44254	0	2	91 26 0 
44254	0	2	91 32 0 
44256	2	1	90 4d 6c 
44256	0	2	91 26 6e 
44256	0	2	91 32 6e 
44304	48	3	92 4a 0 
44350	46	1	90 4d 0 
44350	0	2	91 26 0 
44350	0	2	91 32 0 
44352	2	1	90 4a 6c 
44352	0	1	90 4d 6c 
44352	0	1	90 51 6c 
44352	0	2	91 26 6e 
44352	0	2	91 32 6e 
44352	0	3	92 51 4b 
44512	160	2	91 26 0 
44512	0	2	91 32 0 
44544	32	2	91 26 6e 
44544	0	2	91 32 6e 
44608	64	1	90 4a 0 
44608	0	1	90 4d 0 
44608	0	1	90 51 0 
44638	30	2	91 26 0 
44638	0	2	91 32 0 
44640	2	1	90 4a 6c 
44640	0	2	91 26 6e 
44640	0	2	91 32 6e 
44734	94	1	90 4a 0 
44734	0	2	91 26 0 
44734	0	2	91 32 0 
44736	2	1	90 4c 6c 
44736	0	2	91 26 6e 
44736	0	2	91 32 6e 
44830	94	1	90 4c 0 
44830	0	2	91 26 0 
44830	0	2	91 32 0 
44832	2	1	90 4d 6c 
44832	0	2	91 26 6e 
44832	0	2	91 32 6e 
44880	48	3	92 51 0 
44926	46	1	90 4d 0 
44926	0	2	91 26 0 
44926	0	2	91 32 0 
44928	2	1	90 4a 6c 
44928	0	1	90 4d 6c 
44928	0	1	90 52 6c 
44928	0	2	91 22 6e 
44928	0	2	91 2e 6e 
44928	0	3	92 52 4b 
45088	160	2	91 22 0 
45088	0	2	91 2e 0 
45120	32	2	91 22 6e 
45120	0	2	91 2e 6e 
45184	64	1	90 4a 0 
45184	0	1	90 4d 0 
45184	0	1	90 52 0 
45214	30	2	91 22 0 
45214	0	2	91 2e 0 
45216	2	1	90 4a 6c 
45216	0	2	91 22 6e 
45216	0	2	91 2e 6e 
45310	94	1	90 4a 0 
45310	0	2	91 22 0 
45310	0	2	91 2e 0 
45312	2	1	90 4c 6c 
45312	0	2	91 22 6e 
45312	0	2	91 2e 6e 
45406	94	1	90 4c 0 
45406	0	2	91 22 0 
45406	0	2	91 2e 0 
45408	2	1	90 4d 6c 
45408	0	2	91 22 6e 
45408	0	2	91 2e 6e 
45456	48	3	92 52 0 
45502	46	1	90 4d 0 
45502	0	2	91 22 0 
45502	0	2	91 2e 0 
45504	2	1	90 48 6c 
45504	0	1	90 4d 6c 
45504	0	1	90 51 6c 
45504	0	2	91 29 6e 
45504	0	2	91 35 6e 
45504	0	3	92 51 4b 
45664	160	1	90 48 0 
45664	0	1	90 4d 0 
45664	0	1	90 51 0 
45664	0	2	91 29 0 
45664	0	2	91 35 0 
45664	0	3	92 51 0 
45696	32	1	90 48 6c 
45696	0	1	90 4d 6c 
45696	0	1	90 51 6c 
45696	0	2	91 29 6e 
45696	0	2	91 35 6e 
45696	0	3	92 51 4b 
45790	94	2	91 29 0 
45790	0	2	91 35 0 
45792	2	2	91 29 6e 
45792	0	2	91 35 6e 
45856	64	1	90 48 0 
45856	0	1	90 4d 0 
45856	0	1	90 51 0 
45856	0	3	92 51 0 
45886	30	2	91 29 0 
45886	0	2	91 35 0 
45888	2	1	90 4d 6c 
45888	0	1	90 54 6c 
45888	0	2	91 29 6e 
45888	0	2	91 35 6e 
45888	0	3	92 54 4b 
45982	94	2	91 29 0 
45982	0	2	91 35 0 
45984	2	2	91 29 6e 
45984	0	2	91 35 6e 
46048	64	1	90 4d 0 
46048	0	1	90 54 0 
46048	0	3	92 54 0 
46078	30	2	91 29 0 
46078	0	2	91 35 0 
46080	2	1	90 48 6c 
46080	0	1	90 4c 6c 
46080	0	1	90 51 6c 
46080	0	2	91 24 6e 
46080	0	2	91 30 6e 
46080	0	3	92 51 4b 
46174	94	1	90 48 0 
46174	0	1	90 4c 0 
46174	0	1	90 51 0 
46174	0	3	92 51 0 
46176	2	1	90 4f 6c 
46176	0	3	92 4f 4b 
46240	64	2	91 24 0 
46240	0	2	91 30 0 
46270	30	1	90 4f 0 
46272	2	2	91 24 6e 
46272	0	2	91 30 6e 
46366	94	2	91 24 0 
46366	0	2	91 30 0 
46368	2	2	91 24 6e 
46368	0	2	91 30 6e 
46432	64	3	92 4f 0 
46462	30	2	91 24 0 
46462	0	2	91 30 0 
46464	2	2	91 24 6e 
46464	0	2	91 30 6e 
46558	94	2	91 24 0 
46558	0	2	91 30 0 
46560	2	2	91 24 6e 
46560	0	2	91 30 6e 
46654	94	2	91 24 0 
46654	0	2	91 30 0 
46656	2	1	90 46 6c 
46656	0	1	90 4a 6c 
46656	0	1	90 4f 6c 
46656	0	2	91 1f 6e 
46656	0	2	91 2b 6e 
46656	0	3	92 4f 4b 
46816	160	1	90 46 0 
46816	0	1	90 4a 0 
46816	0	1	90 4f 0 
46816	0	2	91 1f 0 
46816	0	2	91 2b 0 
46848	32	2	91 1f 6e 
46848	0	2	91 2b 6e 
46942	94	2	91 1f 0 
46942	0	2	91 2b 0 
46944	2	2	91 1f 6e 
46944	0	2	91 2b 6e 
47038	94	2	91 1f 0 
47038	0	2	91 2b 0 
47040	2	2	91 1f 6e 
47040	0	2	91 2b 6e 
47134	94	2	91 1f 0 
47134	0	2	91 2b 0 
47136	2	2	91 1f 6e 
47136	0	2	91 2b 6e 
47184	48	3	92 4f 0 
47230	46	2	91 1f 0 
47230	0	2	91 2b 0 
47232	2	1	90 45 6c 
47232	0	1	90 4a 6c 
47232	0	1	90 4d 6c 
47232	0	2	91 21 6e 
47232	0	2	91 2d 6e 
47232	0	3	92 4d 4b 
47392	160	1	90 45 0 
47392	0	1	90 4a 0 
47392	0	1	90 4d 0 
47392	0	2	91 21 0 
47392	0	2	91 2d 0 
47424	32	2	91 21 6e 
47424	0	2	91 2d 6e 
47518	94	2	91 21 0 
47518	0	2	91 2d 0 
47520	2	2	91 21 6e 
47520	0	2	91 2d 6e 
47614	94	2	91 21 0 
47614	0	2	91 2d 0 
47616	2	2	91 21 6e 
47616	0	2	91 2d 6e 
47710	94	2	91 21 0 
47710	0	2	91 2d 0 
47712	2	2	91 21 6e 
47712	0	2	91 2d 6e 
47760	48	3	92 4d 0 
47806	46	2	91 21 0 
47806	0	2	91 2d 0 
47808	2	1	90 45 6c 
47808	0	1	90 4d 6c 
47808	0	2	91 21 6e 
47808	0	2	91 2d 6e 
47808	0	3	92 4d 4b 
47968	160	1	90 45 0 
47968	0	1	90 4d 0 
47968	0	2	91 21 0 
47968	0	2	91 2d 0 
47968	0	3	92 4d 0 
48000	32	1	90 45 6c 
48000	0	1	90 4f 6c 
48000	0	2	91 21 6e 
48000	0	2	91 2d 6e 
48000	0	3	92 4f 4b 
48094	94	2	91 21 0 
48094	0	2	91 2d 0 
48096	2	2	91 21 6e 
48096	0	2	91 2d 6e 
48160	64	1	90 45 0 
48160	0	1	90 4f 0 
48160	0	3	92 4f 0 
48190	30	2	91 21 0 
48190	0	2	91 2d 0 
48192	2	1	90 45 6c 
48192	0	1	90 4c 6c 
48192	0	2	91 21 6e 
48192	0	2	91 2d 6e 
48192	0	3	92 4c 4b 
48286	94	2	91 21 0 
48286	0	2	91 2d 0 
48288	2	2	91 21 6e 
48288	0	2	91 2d 6e 
48352	64	1	90 45 0 
48352	0	1	90 4c 0 
48352	0	3	92 4c 0 
48382	30	2	91 21 0 
48382	0	2	91 2d 0 
48384	2	1	90 41 6c 
48384	0	1	90 45 6c 
48384	0	1	90 4a 6c 
48384	0	2	91 26 6e 
48384	0	2	91 32 6e 
48384	0	3	92 4a 4b 
48640	256	1	90 41 0 
48640	0	1	90 45 0 
48640	0	1	90 4a 0 
48640	0	2	91 26 0 
48640	0	2	91 32 0 
48672	32	2	91 26 6e 
48672	0	2	91 32 6e 
48766	94	2	91 26 0 
48766	0	2	91 32 0 
48768	2	2	91 26 6e 
48768	0	2	91 32 6e 
48862	94	2	91 26 0 
48862	0	2	91 32 0 
48864	2	2	91 26 6e 
48864	0	2	91 32 6e 
48912	48	3	92 4a 0 
48912	0	3	ff 2f 0 
48958	46	2	91 26 0 
48958	0	2	91 32 0 
48960	2	1	90 3e 6c 
48960	0	2	91 1a 6e 
48960	0	2	91 26 6e 
49680	720	1	90 3e 0 
49680	0	1	ff 2f 0 
49680	0	2	91 1a 0 
49680	0	2	91 26 0 
49680	0	2	ff 2f 0 
